-0.000000 0.000000 
0.000283 0.000143 
-0.007610 -0.016148 
-0.013545 -0.025489 
-0.018061 -0.028672 
-0.022561 -0.031453 
-0.013354 -0.005980 
-0.000790 -0.005338 
0.001625 -0.006060 
0.002133 -0.027201 
0.002072 -0.050336 
0.001747 -0.030897 
0.001332 -0.053057 
-0.016228 -0.004170 
-0.030540 -0.002752 
-0.004551 0.029478 
-0.007494 0.032839 
0.007171 0.011907 
0.004181 0.014787 
0.008263 0.000344 
0.006309 -0.005549 
0.013457 -0.005257 
0.010857 -0.017452 
0.013480 -0.009185 
0.011603 -0.020346 
0.020932 0.011643 
0.022011 0.014801 
0.021876 0.010042 
0.029920 0.012615 
0.018801 0.029610 
0.018475 -0.003378 
0.024244 -0.014594 
0.024418 -0.015309 
0.019673 0.001897 
0.016665 -0.001968 
0.022904 0.010373 
0.017151 0.006235 
0.022966 -0.017448 
0.021707 -0.031321 
0.020085 -0.007307 
0.014449 -0.015607 
0.027049 -0.000083 
0.026857 -0.001656 
0.026019 -0.010019 
0.021063 -0.013724 
0.019765 0.003518 
0.015196 0.001539 
0.021501 0.011454 
0.019827 0.013756 
0.023678 0.008749 
0.020239 0.009799 
0.025344 0.016757 
0.018484 0.009989 
0.016895 0.000513 
0.013109 -0.004876 
0.023652 0.004263 
0.019498 -0.001096 
0.023163 0.004422 
0.019112 -0.001507 
0.023179 0.001506 
0.019325 0.009010 
0.030518 -0.004143 
0.032887 -0.004350 
0.040144 0.000531 
0.046322 0.011989 
0.039399 0.006266 
0.041592 -0.016164 
0.032200 -0.022463 
0.035219 -0.029764 
0.029835 -0.000889 
0.027111 -0.005753 
0.019342 0.018315 
0.015148 0.029318 
0.033346 0.007018 
0.040386 -0.004613 
0.043196 0.005051 
0.056909 0.002168 
0.049092 0.013599 
0.052974 -0.007599 
0.036640 -0.019856 
0.040640 -0.040331 
0.036544 -0.018816 
0.039679 -0.039205 
0.033296 -0.038223 
0.032316 -0.042207 
0.031246 -0.046295 
0.023630 -0.001726 
0.025730 0.002787 
0.024814 -0.007652 
0.026932 -0.004744 
0.026211 -0.015803 
0.026553 -0.007633 
0.021809 -0.012851 
0.021156 0.004064 
0.021826 0.005660 
0.032935 0.013800 
0.039751 0.005051 
0.037739 0.013920 
0.038531 0.015314 
0.033912 0.006610 
0.032503 0.006625 
0.030320 0.009383 
0.025310 0.001382 
0.031911 0.016868 
0.027084 0.019696 
0.025178 0.020725 
0.028322 0.012264 
0.028303 -0.005389 
0.031277 -0.032282 
0.024955 0.006161 
0.016737 0.004560 
0.009127 0.007085 
0.015487 0.008389 
0.025228 0.005846 
0.013538 -0.011228 
0.025502 0.003971 
0.020734 0.006576 
0.049293 0.004385 
0.036337 -0.002538 
0.024842 0.002220 
0.021033 0.001900 
0.024494 0.016407 
0.011342 0.018821 
0.018438 0.012853 
0.015793 0.002813 
0.037507 0.018369 
0.041659 0.024474 
0.039575 0.015632 
0.042385 0.007261 
0.028674 0.013966 
0.025540 0.018856 
0.026444 0.001385 
0.021238 0.002220 
0.027730 -0.022812 
0.033079 0.003798 
0.030793 0.025425 
0.020206 0.033345 
0.029340 0.030779 
0.027564 0.002822 
0.025360 -0.024555 
0.025849 -0.016319 
0.024015 -0.011680 
0.036160 0.033692 
0.037577 0.020275 
0.037387 0.018319 
0.037494 0.030471 
0.034128 0.043367 
0.033555 0.023926 
0.030445 0.036117 
0.033182 0.023463 
0.030031 0.035000 
0.034331 0.012255 
0.030466 0.015821 
0.035158 0.016228 
0.032176 0.015984 
0.034923 0.013578 
0.031837 0.012935 
0.033465 0.010272 
0.032354 -0.010256 
0.036772 0.025657 
0.040704 0.005613 
0.044260 -0.013954 
0.040176 -0.004979 
0.038190 -0.016297 
0.039711 -0.048638 
0.031829 0.004018 
0.027300 0.012324 
0.036352 0.018758 
0.031406 0.026106 
0.035370 0.012407 
0.039118 0.021286 
0.040597 0.007724 
0.038710 0.008007 
0.045362 0.010639 
0.048482 0.002104 
0.036439 0.013703 
0.026483 0.025564 
0.026990 0.024938 
0.017457 0.036199 
0.032043 0.013140 
0.027246 0.016584 
0.036107 0.013247 
0.032334 0.012379 
0.040017 -0.006807 
0.054804 -0.030012 
0.046509 -0.016840 
0.039509 -0.012869 
0.027652 0.013772 
0.027826 0.021008 
0.030011 0.009456 
0.030654 0.016884 
0.035227 0.014694 
0.035404 0.022523 
0.027055 0.025121 
0.022945 0.025552 
0.036088 -0.002742 
0.035925 -0.001833 
0.035097 0.008935 
0.034929 0.008979 
0.029978 -0.008954 
0.024888 -0.020413 
0.026538 -0.015061 
0.023936 -0.035192 
0.044095 0.004259 
0.039401 -0.008682 
0.018127 -0.000637 
0.011627 -0.006979 
0.028092 -0.002785 
0.022294 0.000065 
0.021628 -0.010162 
0.014570 -0.006086 
0.028097 0.010110 
0.027345 0.016717 
0.026451 -0.003662 
0.023842 0.013941 
0.033127 0.035075 
0.031583 0.036790 
0.032387 0.010964 
0.030700 0.012251 
0.033357 0.004529 
0.020596 0.015533 
0.010287 0.031645 
0.014333 0.023926 
0.018058 0.016074 
0.032099 -0.017021 
0.026909 0.003215 
0.015902 0.004128 
0.015085 0.007697 
0.005592 0.009251 
0.015912 0.007845 
0.007017 0.008066 
0.015901 0.003297 
0.007093 0.005060 
0.019869 0.006985 
0.011990 0.007281 
0.021948 0.008996 
0.014530 0.009662 
0.007812 0.010494 
0.017762 0.009447 
0.023826 0.010067 
0.015095 -0.009791 
0.006213 -0.029027 
0.011644 -0.048859 
0.033700 0.005606 
0.032745 0.006132 
0.038025 0.006868 
0.042925 0.006239 
0.039463 0.009344 
0.049950 0.009106 
0.039724 0.010968 
0.032680 0.018377 
0.028120 0.020928 
0.023215 0.034845 
0.031729 0.022874 
0.031597 0.018889 
0.043786 -0.011192 
0.043510 0.003686 
0.042464 0.016735 
0.031743 0.007458 
0.031358 -0.014829 
0.029755 -0.037630 
0.031730 -0.022143 
0.030578 -0.046218 
0.027297 -0.000271 
0.022424 -0.003337 
0.027987 0.005324 
0.025106 -0.004368 
0.054491 0.047707 
0.037280 0.047768 
0.047584 0.054842 
0.045838 0.029236 
0.038646 0.014781 
0.040985 0.013998 
0.017528 0.006756 
0.016332 -0.008676 
0.032696 -0.014871 
0.031614 -0.029394 
0.029400 -0.022430 
0.031253 0.014603 
0.027683 0.021853 
0.019779 0.031698 
0.020624 0.029257 
0.009584 0.034142 
0.024593 0.021508 
0.015740 0.025630 
0.029004 0.012748 
0.028332 0.016929 
0.034296 0.010645 
0.039749 0.016017 
0.037124 0.015789 
0.041735 0.025563 
0.052158 0.015732 
0.050074 0.038823 
0.033082 0.022419 
0.036161 0.001052 
0.032639 -0.017144 
0.040185 -0.008321 
0.046380 -0.009855 
0.048211 0.005622 
0.042104 0.013413 
0.048646 -0.008474 
0.034361 0.017908 
0.053964 -0.004100 
0.047331 -0.015095 
0.053345 -0.018233 
0.040883 0.010170 
0.044746 0.021388 
0.035334 -0.003195 
0.033190 -0.014931 
0.031287 -0.026005 
0.024159 -0.001990 
0.019473 0.000566 
0.022705 0.014227 
0.029095 0.005143 
0.025426 0.003632 
0.029535 0.007821 
0.030040 0.001015 
0.035819 0.000668 
0.048673 0.005010 
0.043383 0.009725 
0.045847 0.011144 
0.038107 0.013197 
0.037393 0.017137 
0.036227 0.008486 
0.035553 0.011761 
0.036321 0.010177 
0.036011 0.014475 
0.038920 0.012652 
0.039075 0.016979 
0.038580 0.012291 
0.040751 0.016027 
0.041664 0.009937 
0.044957 0.002109 
0.041464 -0.006407 
0.040040 0.002559 
0.035785 0.004350 
0.034019 0.006289 
0.035623 0.007061 
0.033865 0.008118 
0.032572 0.011414 
0.031102 0.016078 
0.029581 -0.009658 
0.024452 -0.017961 
0.034280 0.002398 
0.035889 0.003059 
0.037450 0.009352 
0.039668 0.002144 
0.041669 -0.004729 
0.034889 -0.003590 
0.030235 0.002779 
0.025929 0.001747 
0.029211 -0.002749 
0.025697 -0.004161 
0.033613 0.010575 
0.035150 0.013327 
0.042712 0.003304 
0.044161 0.004829 
0.041787 -0.018599 
0.025359 0.001010 
0.035781 -0.014062 
0.038670 -0.034788 
0.038920 -0.010885 
0.036046 -0.015687 
0.031773 -0.026789 
0.020195 -0.047245 
0.031088 -0.012097 
0.030133 -0.011844 
0.032731 -0.000222 
0.028733 0.003277 
0.033556 0.004412 
0.031060 0.013332 
0.035869 0.005904 
0.052933 0.012881 
0.064747 -0.001729 
0.075573 -0.001785 
0.059006 -0.004548 
0.069198 -0.005167 
0.075630 0.002595 
0.064274 0.015828 
0.044004 -0.022792 
0.046838 -0.047738 
0.050731 -0.062787 
0.050103 -0.041296 
0.052207 -0.012485 
0.066374 -0.015991 
0.059643 -0.003946 
0.070595 -0.003173 
0.051174 -0.017158 
0.055795 -0.032257 
0.050225 -0.014733 
0.052602 -0.020322 
0.050482 -0.017352 
0.052515 -0.022406 
0.054472 -0.026899 
0.043337 -0.005714 
0.046151 -0.014248 
0.050988 -0.028993 
0.048625 -0.029607 
0.052624 -0.046923 
0.051567 -0.017103 
0.050644 -0.014544 
0.039881 0.002948 
0.036664 0.011292 
0.044216 -0.005947 
0.049024 -0.020377 
0.055871 -0.025663 
0.045173 -0.018369 
0.050959 -0.006476 
0.058470 -0.002216 
0.061266 0.005471 
0.072228 -0.006645 
0.082733 -0.018661 
0.074296 -0.034689 
0.084938 -0.046255 
0.073213 -0.038194 
0.055308 -0.018913 
0.057030 -0.026035 
0.052302 -0.019095 
0.053716 -0.024930 
0.053186 -0.013593 
0.054855 -0.019075 
0.047482 -0.005037 
0.049800 -0.013418 
0.053819 -0.017792 
0.056239 -0.025180 
0.051872 -0.018001 
0.054933 -0.038645 
0.053028 -0.034853 
0.055496 -0.054825 
0.049876 -0.033985 
0.052163 -0.053513 
0.041752 -0.034172 
0.042963 -0.052646 
0.041990 -0.032421 
0.046152 -0.046814 
0.027176 -0.035136 
0.025388 -0.049085 
0.023271 -0.022825 
0.014691 -0.027466 
0.020414 -0.016359 
0.006114 -0.037601 
-0.004615 -0.071596 
0.011033 -0.039732 
0.007960 -0.030252 
0.023148 0.017713 
0.020300 0.025690 
0.023405 0.010653 
0.024633 0.001330 
0.015931 -0.006739 
0.013052 -0.019333 
0.004765 -0.026524 
-0.008650 -0.036847 
0.001102 -0.004479 
0.020070 0.002178 
0.014440 -0.000726 
0.033312 -0.014488 
0.039239 -0.021823 
0.040809 -0.022075 
0.047187 -0.035283 
0.039640 -0.012487 
0.042029 -0.000658 
0.036534 0.018591 
0.038429 0.029927 
0.040415 0.004788 
0.046917 0.004131 
0.043090 -0.022822 
0.044381 -0.025657 
0.034902 -0.011302 
0.034762 -0.013755 
0.033216 -0.008099 
0.031929 -0.015246 
0.030250 -0.021864 
0.037120 -0.021537 
0.038594 -0.016751 
0.035501 -0.037530 
0.027568 -0.038682 
0.025551 -0.055285 
0.025925 -0.083651 
0.032210 -0.071805 
0.030593 -0.049274 
0.030113 -0.077058 
0.037257 -0.009624 
0.042094 -0.002293 
0.040449 0.010080 
0.044374 0.017317 
0.039021 0.006488 
0.042802 0.013818 
0.039103 0.005782 
0.042576 0.010754 
0.039421 0.007452 
0.043032 0.001778 
0.046902 -0.003282 
0.035968 -0.019331 
0.034417 -0.027745 
0.024853 -0.022672 
0.027892 -0.009983 
0.024681 -0.013627 
0.027049 -0.008033 
0.024244 -0.011359 
0.035056 0.005438 
0.037643 0.011767 
0.036309 0.004940 
0.038200 0.011055 
0.031085 -0.004662 
0.028829 -0.009913 
0.029527 -0.006024 
0.027382 -0.010156 
0.022828 0.014479 
0.016465 0.026175 
0.007767 0.027789 
0.008722 0.020051 
0.021138 0.022642 
0.022341 0.010353 
0.022889 -0.001444 
0.033863 -0.036322 
0.023953 -0.033806 
0.021666 -0.023473 
0.021138 0.012765 
0.030319 0.038568 
0.032418 0.069469 
0.045839 0.062508 
0.034770 0.107195 
0.038268 0.114000 
0.043120 0.161600 
0.039727 0.200206 
0.035319 0.286706 
0.017271 0.306840 
0.010597 0.378209 
0.022144 0.456433 
0.015491 0.527808 
0.020119 0.584102 
0.004403 0.653703 
0.036897 0.708723 
0.025920 0.806569 
0.033283 0.961164 
0.013696 1.077972 
0.020567 1.239424 
0.045960 1.297121 
0.142085 1.438151 
0.154812 1.552518 
0.186282 1.741330 
0.200984 1.839787 
0.224126 1.961968 
0.241683 2.057159 
0.264074 2.221527 
0.261216 2.318402 
0.287352 2.499181 
0.302975 2.618673 
0.382886 2.801332 
0.403510 2.918908 
0.482903 3.085719 
0.511961 3.175533 
0.580293 3.294977 
0.603852 3.377250 
0.651018 3.595783 
0.698018 3.731854 
0.805967 3.958580 
0.851537 4.094273 
0.935582 4.263570 
0.994505 4.426269 
1.069366 4.536403 
1.127287 4.661895 
1.192201 4.716022 
1.230669 4.804956 
1.312814 4.923657 
1.349153 5.047870 
1.456394 5.249748 
1.524837 5.331278 
1.646230 5.407097 
1.732034 5.486094 
1.873600 5.591997 
1.953269 5.649796 
2.064474 5.735147 
2.151103 5.828824 
2.283001 5.965151 
2.376636 6.039263 
2.519832 6.175362 
2.586224 6.272383 
2.704741 6.369483 
2.803966 6.366652 
2.958142 6.383770 
3.056308 6.452936 
3.183937 6.578735 
3.331903 6.562580 
3.403155 6.624022 
3.473462 6.682410 
3.670630 6.661981 
3.762214 6.708917 
3.934253 6.776895 
4.065053 6.809906 
4.222658 6.846773 
4.330701 6.949578 
4.443227 6.949218 
4.552112 6.925632 
4.706732 6.846484 
4.833531 6.877996 
4.981431 6.961920 
5.060515 7.030507 
5.198603 7.039279 
5.326821 7.055968 
5.522873 7.095208 
5.653098 7.146971 
5.800617 7.169069 
5.921164 7.173672 
6.049078 7.078516 
6.169799 7.090252 
6.337913 7.016013 
6.436731 7.013376 
6.542489 6.999502 
6.640899 6.992339 
6.752535 6.942644 
6.876124 6.963717 
6.971066 6.925605 
7.109318 6.858891 
7.235385 6.818580 
7.360170 6.775263 
7.454476 6.712382 
7.537368 6.681866 
7.610713 6.619106 
7.706599 6.580264 
7.860465 6.487223 
7.982227 6.452493 
8.111364 6.362146 
8.201843 6.359003 
8.288470 6.294841 
8.360727 6.268368 
8.473992 6.169051 
8.542799 6.089634 
8.675744 5.961861 
8.787510 5.889649 
8.876569 5.805190 
8.939886 5.693639 
8.990558 5.605940 
9.039244 5.528316 
9.204563 5.481144 
9.272566 5.458059 
9.346466 5.296154 
9.445560 5.193539 
9.521879 5.029811 
9.560649 4.962075 
9.638326 4.860110 
9.681164 4.709077 
9.794588 4.610252 
9.844449 4.482395 
9.961251 4.385963 
10.035798 4.269340 
10.116072 4.143155 
10.149777 4.031249 
10.187549 3.939571 
10.255297 3.851606 
10.304315 3.738792 
10.333927 3.612154 
10.415498 3.512256 
10.456565 3.404057 
10.450657 3.346360 
10.491160 3.275186 
10.523151 3.186558 
10.569710 3.093331 
10.598503 2.983532 
10.605319 2.883278 
10.631099 2.807805 
10.658794 2.736434 
10.705319 2.644890 
10.730697 2.528120 
10.753115 2.351162 
10.771294 2.265141 
10.854887 2.193250 
10.860710 2.098220 
10.895487 1.968901 
10.910746 1.862157 
10.966411 1.709799 
10.944647 1.575977 
10.931434 1.498845 
10.946963 1.368547 
11.035753 1.277236 
11.053735 1.138634 
11.115658 1.025480 
11.149679 0.882648 
11.214492 0.778433 
11.228372 0.673043 
11.244831 0.572865 
11.255279 0.485539 
11.283311 0.344606 
11.298227 0.190309 
11.326345 0.014266 
11.361685 -0.142074 
11.353664 -0.252651 
11.396505 -0.348463 
11.455330 -0.486059 
11.495234 -0.652687 
11.465889 -0.810573 
11.496835 -0.990369 
11.453444 -1.089338 
11.493167 -1.250783 
11.534131 -1.443262 
11.566475 -1.594424 
11.619593 -1.728496 
11.643661 -1.903544 
11.643029 -1.994855 
11.661371 -2.155249 
11.613058 -2.276294 
11.633707 -2.432068 
11.650242 -2.598355 
11.684009 -2.735309 
11.693901 -2.867924 
11.700068 -3.002784 
11.683223 -3.149882 
11.708797 -3.318835 
11.703692 -3.479328 
11.727621 -3.623674 
11.717903 -3.772941 
11.740072 -3.922178 
11.780784 -4.079568 
11.829915 -4.228268 
11.821422 -4.404233 
11.834621 -4.532794 
11.824429 -4.757952 
11.839857 -4.904358 
11.840476 -5.083764 
11.859571 -5.231751 
11.872980 -5.386253 
11.876845 -5.505793 
11.853187 -5.703977 
11.849587 -5.870891 
11.888218 -6.059326 
11.882896 -6.227461 
11.856117 -6.401300 
11.882584 -6.565238 
11.898593 -6.746965 
11.887886 -6.904794 
11.861689 -7.083763 
11.897035 -7.237355 
11.960063 -7.400031 
11.966689 -7.559556 
11.953914 -7.690424 
11.922635 -7.795716 
11.892105 -7.924920 
11.921132 -8.073895 
11.957165 -8.340762 
11.955847 -8.500501 
11.992410 -8.670757 
11.981328 -8.829384 
11.926207 -8.953062 
11.933958 -9.090446 
11.981526 -9.362627 
11.974931 -9.531723 
12.002258 -9.747570 
11.998747 -9.947686 
11.996247 -10.057669 
11.998861 -10.211688 
12.002520 -10.330251 
12.005871 -10.483114 
12.012896 -10.663402 
12.025095 -10.817171 
12.010633 -10.991783 
11.989148 -11.152050 
12.013073 -11.314659 
11.993367 -11.474603 
12.018251 -11.683882 
12.050653 -11.836930 
12.096656 -12.008491 
12.079966 -12.167314 
12.040496 -12.342185 
12.047964 -12.494170 
12.063806 -12.648910 
12.041104 -12.783315 
12.033312 -12.979063 
12.004406 -13.122126 
12.041098 -13.308237 
12.058512 -13.459136 
12.088527 -13.625653 
12.076156 -13.781493 
12.034901 -13.942868 
12.058762 -14.100479 
12.084536 -14.242065 
12.088015 -14.384750 
12.096357 -14.532315 
12.096797 -14.658344 
12.054149 -14.791402 
12.074183 -14.932711 
12.117956 -15.124135 
12.152830 -15.281415 
12.103587 -15.438010 
12.100852 -15.577115 
12.061017 -15.717649 
12.058113 -15.856737 
12.053286 -16.013266 
12.069210 -16.140156 
12.052456 -16.291763 
12.053725 -16.447296 
12.067408 -16.595266 
12.099592 -16.727415 
12.091548 -16.820972 
12.090509 -16.930870 
12.049353 -17.055933 
12.029532 -17.150330 
12.030087 -17.364393 
12.030791 -17.516230 
12.061501 -17.645201 
12.081826 -17.783503 
12.062840 -17.883507 
12.062753 -17.980267 
12.016602 -18.122263 
12.017865 -18.219019 
12.062316 -18.362593 
12.084123 -18.456852 
12.058143 -18.632570 
12.056836 -18.742676 
12.022361 -18.889740 
12.029108 -18.985661 
12.055071 -19.098856 
12.069103 -19.199638 
12.060390 -19.274693 
12.035754 -19.342010 
12.018276 -19.427183 
12.020538 -19.498152 
12.028841 -19.600899 
12.030810 -19.667080 
12.033142 -19.752640 
12.050648 -19.823225 
12.064697 -19.892292 
12.069843 -19.943954 
12.006027 -19.978653 
12.002565 -20.021515 
12.006237 -20.056787 
11.993541 -20.088577 
12.026878 -20.121773 
12.000784 -20.151583 
11.982901 -20.188414 
11.961473 -20.212147 
11.980302 -20.244041 
11.990323 -20.263472 
12.039613 -20.279213 
12.055255 -20.299162 
12.077365 -20.315250 
12.080791 -20.317997 
12.047176 -20.306091 
12.038675 -20.319038 
12.043893 -20.325684 
12.067031 -20.328299 
12.070585 -20.313585 
12.059839 -20.328836 
12.016317 -20.339025 
12.011421 -20.343307 
12.021009 -20.332253 
12.023525 -20.334503 
12.044534 -20.330170 
12.057293 -20.331076 
12.059121 -20.326441 
12.027228 -20.340525 
12.008833 -20.352898 
11.999050 -20.349463 
12.005410 -20.330835 
11.990621 -20.334860 
11.993811 -20.340244 
11.987679 -20.353664 
12.023149 -20.355520 
12.029268 -20.367506 
12.033087 -20.341156 
12.029037 -20.341709 
12.010963 -20.332399 
12.000611 -20.339499 
12.001826 -20.345589 
11.998235 -20.348131 
12.003480 -20.341259 
11.989108 -20.347490 
11.990224 -20.347494 
11.979582 -20.357141 
11.999683 -20.355999 
11.986163 -20.370003 
12.007105 -20.362391 
12.016544 -20.381567 
12.016078 -20.360699 
12.011237 -20.380009 
12.035087 -20.344080 
12.023870 -20.343128 
12.027151 -20.312618 
11.999181 -20.324360 
11.980248 -20.337269 
11.997553 -20.332003 
12.027252 -20.338039 
12.021310 -20.340786 
12.043989 -20.318422 
12.037839 -20.319887 
12.020956 -20.331314 
12.024505 -20.341185 
12.041181 -20.352398 
12.062506 -20.334749 
12.041961 -20.319168 
12.041323 -20.334948 
12.027636 -20.366753 
12.032063 -20.395439 
12.044456 -20.421543 
12.049858 -20.444857 
12.036753 -20.472353 
12.042405 -20.504311 
12.012240 -20.541159 
11.999088 -20.593010 
11.997852 -20.703554 
11.989573 -20.807138 
12.005575 -20.966564 
12.008711 -21.084030 
12.024249 -21.227640 
12.004076 -21.328804 
12.067656 -21.531153 
12.087056 -21.636358 
12.125676 -21.873055 
12.143803 -22.003813 
12.149418 -22.210840 
12.196483 -22.385492 
12.225553 -22.598179 
12.294185 -22.781225 
12.325171 -22.928970 
12.348403 -23.073532 
12.388551 -23.263817 
12.441362 -23.439909 
12.521405 -23.654930 
12.555967 -23.833109 
12.570377 -24.051426 
12.620357 -24.221134 
12.692833 -24.407309 
12.761307 -24.545225 
12.829363 -24.817398 
12.863139 -25.045118 
12.895617 -25.299299 
12.956812 -25.458935 
13.037043 -25.690874 
13.151262 -25.874495 
13.146735 -26.148607 
13.165520 -26.360376 
13.124991 -26.616150 
13.143995 -26.827188 
13.161093 -27.038204 
13.259608 -27.302198 
13.326021 -27.513742 
13.362395 -27.768646 
13.385778 -28.073105 
13.440158 -28.291647 
13.483734 -28.470520 
13.517781 -28.676502 
13.500752 -28.862549 
13.547276 -29.064318 
13.518709 -29.273205 
13.516790 -29.458281 
13.512197 -29.658413 
13.555923 -29.832245 
13.586525 -30.038439 
13.595899 -30.226490 
13.584863 -30.388023 
13.599674 -30.519983 
13.637734 -30.669348 
13.647680 -30.835745 
13.629253 -31.089422 
13.636081 -31.266413 
13.650327 -31.460608 
13.652841 -31.595463 
13.659294 -31.733526 
13.680458 -31.871498 
13.690979 -32.055874 
13.701894 -32.251324 
13.696867 -32.502197 
13.710563 -32.668674 
13.755149 -32.815247 
13.728948 -32.905895 
13.709318 -33.049129 
13.722645 -33.181026 
13.749162 -33.337162 
13.761368 -33.466610 
13.749947 -33.587086 
13.779199 -33.717705 
13.750163 -33.870026 
13.762321 -33.982365 
13.719106 -34.123913 
13.706960 -34.229919 
13.725924 -34.345009 
13.741323 -34.434097 
13.754168 -34.625668 
13.742331 -34.760311 
13.689355 -34.958950 
13.674333 -35.093845 
13.687236 -35.241653 
13.690485 -35.387295 
13.682837 -35.513721 
13.690698 -35.668694 
13.654716 -35.796284 
13.641910 -35.919704 
13.618709 -36.043327 
13.581690 -36.169971 
13.575233 -36.329460 
13.568247 -36.439003 
13.562268 -36.640095 
13.558044 -36.757309 
13.522169 -36.909801 
13.519353 -37.073547 
13.504565 -37.186527 
13.494142 -37.313271 
13.483247 -37.439442 
13.479014 -37.573425 
13.437518 -37.725636 
13.388341 -37.878357 
13.382475 -38.015533 
13.348837 -38.177990 
13.386812 -38.296562 
13.363897 -38.444057 
13.336645 -38.556023 
13.299379 -38.703915 
13.271268 -38.853539 
13.266123 -39.023655 
13.247897 -39.160530 
13.241858 -39.313911 
13.216829 -39.415768 
13.197954 -39.575039 
13.201966 -39.695076 
13.136705 -39.822533 
13.118500 -39.956512 
13.081044 -40.105606 
13.059593 -40.236233 
13.038599 -40.377975 
13.009095 -40.531132 
12.972914 -40.652626 
12.976974 -40.760147 
12.973720 -40.879749 
12.924399 -40.974934 
12.970847 -41.018665 
12.943753 -41.079960 
12.947042 -41.168434 
12.954830 -41.266438 
12.911674 -41.337486 
12.907197 -41.381569 
12.864517 -41.414391 
12.896932 -41.475719 
12.904454 -41.531258 
12.925645 -41.564926 
12.917543 -41.590485 
12.913966 -41.563614 
12.921917 -41.572956 
12.937142 -41.579174 
12.941947 -41.567547 
12.943406 -41.576309 
12.953218 -41.560383 
12.932103 -41.521275 
12.917533 -41.529190 
12.903867 -41.537098 
12.894546 -41.577461 
12.926675 -41.572422 
12.958067 -41.582127 
12.945865 -41.552528 
12.939936 -41.559296 
12.908390 -41.567509 
12.902675 -41.575027 
12.901203 -41.568485 
12.913292 -41.559883 
12.917907 -41.558834 
12.929568 -41.537849 
12.936011 -41.542625 
12.938871 -41.561115 
12.921892 -41.574821 
12.922502 -41.553062 
12.917123 -41.522217 
12.910787 -41.505341 
12.925695 -41.528282 
12.940035 -41.524048 
12.954270 -41.520214 
12.964472 -41.552834 
12.975609 -41.552528 
12.957476 -41.564159 
12.937023 -41.549904 
12.930649 -41.544548 
12.921330 -41.535217 
12.898853 -41.529675 
12.893518 -41.541698 
12.912209 -41.548328 
12.926599 -41.564217 
12.915424 -41.550003 
12.904212 -41.535839 
12.901738 -41.503910 
12.929083 -41.518768 
12.926016 -41.495255 
12.915806 -41.494164 
12.921841 -41.476849 
12.929111 -41.510880 
12.949653 -41.510006 
12.930178 -41.524734 
12.933380 -41.526257 
12.932343 -41.570473 
12.953972 -41.567165 
12.956622 -41.530750 
12.970687 -41.535507 
12.957191 -41.561707 
12.951081 -41.549080 
12.916316 -41.532040 
12.911123 -41.520279 
12.915103 -41.523117 
12.912045 -41.525887 
12.913748 -41.553261 
12.911777 -41.555218 
12.915094 -41.555798 
12.918446 -41.563595 
12.927985 -41.565205 
12.931800 -41.572720 
12.926733 -41.570457 
12.908615 -41.561157 
12.922244 -41.551437 
12.942152 -41.545071 
12.964588 -41.549511 
12.983749 -41.542618 
12.990027 -41.546017 
12.982981 -41.537941 
12.920550 -41.528847 
12.918777 -41.546185 
12.911140 -41.573288 
12.912816 -41.549427 
12.899851 -41.530952 
12.902161 -41.526569 
12.908433 -41.539051 
12.909721 -41.537739 
12.919512 -41.551785 
12.937313 -41.516201 
12.936578 -41.536758 
12.939418 -41.534092 
12.922713 -41.562275 
12.925883 -41.560329 
12.940500 -41.547894 
12.960796 -41.529720 
12.974981 -41.539070 
12.988767 -41.549015 
12.977920 -41.555431 
12.993333 -41.565907 
12.974692 -41.557198 
12.973523 -41.550503 
12.948992 -41.542957 
12.953751 -41.531910 
12.931429 -41.563698 
12.912239 -41.561031 
12.892825 -41.561378 
12.878629 -41.556931 
12.904450 -41.553146 
12.894930 -41.555042 
12.911548 -41.551140 
12.899724 -41.538914 
12.911396 -41.529121 
12.897660 -41.539845 
12.885688 -41.543121 
12.907524 -41.567345 
12.911389 -41.568745 
12.946037 -41.558414 
12.947457 -41.551849 
12.950945 -41.553288 
12.958873 -41.543457 
12.973011 -41.537193 
12.950040 -41.546600 
12.957664 -41.544548 
12.959784 -41.539261 
12.948640 -41.537460 
12.944553 -41.538628 
12.922367 -41.527401 
12.940749 -41.533401 
12.940119 -41.548298 
12.949828 -41.574596 
12.953781 -41.582973 
12.957949 -41.552628 
12.940595 -41.557407 
12.909454 -41.555698 
12.931678 -41.549759 
12.959318 -41.530731 
12.962430 -41.519493 
12.952993 -41.526440 
12.958625 -41.518047 
12.947714 -41.530491 
12.957796 -41.527817 
12.955430 -41.540150 
12.964893 -41.537514 
12.958270 -41.543098 
12.966881 -41.540218 
12.949624 -41.540157 
12.941948 -41.536819 
12.930158 -41.547501 
12.941498 -41.556858 
12.962259 -41.572357 
12.966724 -41.584751 
12.953283 -41.578259 
12.969952 -41.589031 
12.945102 -41.583233 
12.933746 -41.599072 
12.903125 -41.555817 
12.900559 -41.538780 
12.932032 -41.509697 
12.940797 -41.488857 
12.951172 -41.505375 
12.946167 -41.511093 
12.939347 -41.556042 
12.929851 -41.557560 
12.940208 -41.550823 
12.953168 -41.556286 
12.951481 -41.572960 
12.956844 -41.569157 
12.963549 -41.540665 
12.972323 -41.567455 
12.954558 -41.566612 
12.955068 -41.559643 
12.928370 -41.537937 
12.907935 -41.527382 
12.929784 -41.536579 
12.930665 -41.532486 
12.951962 -41.539780 
12.949476 -41.554440 
12.927850 -41.552929 
12.929658 -41.558434 
12.940957 -41.558739 
12.940325 -41.552441 
12.944249 -41.539951 
12.949529 -41.540047 
12.991906 -41.563698 
12.983719 -41.547878 
12.970182 -41.539234 
12.982295 -41.547600 
13.010742 -41.560085 
12.972613 -41.557072 
12.973091 -41.550625 
12.953888 -41.542171 
12.933029 -41.555069 
12.951259 -41.570194 
12.944892 -41.571297 
12.956038 -41.558594 
12.944140 -41.555077 
12.910112 -41.532200 
12.909282 -41.537624 
12.917102 -41.547115 
12.909640 -41.548485 
12.912824 -41.550751 
12.908278 -41.549854 
12.930923 -41.556465 
12.960404 -41.571144 
12.961545 -41.583790 
12.937299 -41.577637 
12.948102 -41.574661 
12.943674 -41.563019 
12.967387 -41.531982 
12.955411 -41.533417 
12.893773 -41.531036 
12.922202 -41.514977 
12.933788 -41.538677 
12.923705 -41.542431 
12.945100 -41.546558 
12.923274 -41.532936 
12.910362 -41.539310 
12.971313 -41.561348 
12.995625 -41.578510 
12.993365 -41.562756 
12.979622 -41.524323 
12.965797 -41.530190 
12.939639 -41.536346 
12.937678 -41.532192 
12.942453 -41.550594 
12.946178 -41.553661 
12.946933 -41.538460 
12.951218 -41.535439 
12.966736 -41.528214 
12.948490 -41.535210 
12.932185 -41.541649 
12.930234 -41.552280 
12.938257 -41.536827 
12.935327 -41.536732 
12.953795 -41.534966 
12.937504 -41.564823 
12.930614 -41.577682 
12.908970 -41.587120 
12.887763 -41.590981 

... logging to /home/dyros/.ros/log/f7ee80b0-5d03-11e5-b8ab-3c970e3fcd22/roslaunch-dyros-ThinkPad-T530-7829.log
Checking log directory for disk usage. This may take awhile.
Press Ctrl-C to interrupt
Done checking log file disk usage. Usage is <1GB.
]2;loam_velodyne.launch
[1mstarted roslaunch server http://dyros-ThinkPad-T530:41514/[0m

SUMMARY
========

PARAMETERS
 * /rosdistro
 * /rosversion

NODES
  /
    laserMapping (loam_velodyne/laserMapping)
    laserOdometry (loam_velodyne/laserOdometry)
    rviz (rviz/rviz)
    scanRegistration (loam_velodyne/scanRegistration)
    transformMaintenance (loam_velodyne/transformMaintenance)

auto-starting new master
[1mprocess[master]: started with pid [7843][0m
[1mROS_MASTER_URI=http://127.0.0.1:11311[0m
]2;loam_velodyne.launch http://127.0.0.1:11311
[1msetting /run_id to f7ee80b0-5d03-11e5-b8ab-3c970e3fcd22[0m
[1mprocess[rosout-1]: started with pid [7856][0m
started core service [/rosout]
[1mprocess[scanRegistration-2]: started with pid [7868][0m
[1mprocess[laserOdometry-3]: started with pid [7885][0m
[1mprocess[laserMapping-4]: started with pid [7906][0m
[1mprocess[transformMaintenance-5]: started with pid [7924][0m
[1mprocess[rviz-6]: started with pid [7941][0m
[rviz-6] killing on exit
[transformMaintenance-5] killing on exit
[laserMapping-4] killing on exit
[laserOdometry-3] killing on exit
[scanRegistration-2] killing on exit
[rosout-1] killing on exit
[master] killing on exit
shutting down processing monitor...
... shutting down processing monitor complete
[1mdone[0m
