-0.000000 0.000000 
-0.000534 0.000310 
-0.001629 -0.022265 
-0.002334 -0.044276 
0.002179 -0.054701 
-0.000455 -0.006332 
-0.005031 -0.007622 
-0.000025 -0.010717 
-0.005177 -0.013221 
0.006076 0.004228 
-0.007615 -0.005820 
-0.006092 -0.037939 
-0.020672 -0.065446 
-0.002573 -0.032899 
-0.009106 -0.009815 
-0.011055 -0.013956 
0.018156 0.061600 
0.019852 0.077093 
0.021966 0.111127 
0.011347 0.187053 
-0.001765 0.215564 
-0.003902 0.278022 
-0.009620 0.343033 
0.013155 0.386118 
0.006628 0.422933 
-0.004413 0.463751 
0.003098 0.600934 
-0.003416 0.660828 
0.010616 0.788010 
0.011629 0.840967 
0.001267 0.933528 
-0.011199 1.112939 
-0.018415 1.208051 
-0.025906 1.303970 
-0.021403 1.481969 
-0.029954 1.566986 
-0.026203 1.733367 
-0.038882 1.831271 
-0.019713 2.102335 
-0.026338 2.225884 
-0.004494 2.474399 
-0.016849 2.611373 
-0.023337 2.819282 
-0.034965 2.947331 
-0.030363 3.120366 
-0.042132 3.216211 
-0.016359 3.413838 
-0.025333 3.545768 
-0.002468 3.797588 
-0.005807 3.942749 
-0.000294 4.208533 
-0.018738 4.321088 
0.013966 4.544489 
0.006673 4.701555 
0.032404 4.872462 
0.020636 4.999573 
0.041905 5.234103 
0.051037 5.375947 
0.076126 5.584283 
0.076876 5.687846 
0.110970 5.871458 
0.127647 5.983678 
0.159999 6.232197 
0.177507 6.347912 
0.150793 6.635704 
0.178509 6.789874 
0.177625 7.066535 
0.179279 7.211131 
0.192089 7.386329 
0.180314 7.521351 
0.177953 7.760577 
0.169536 7.901592 
0.198333 8.137770 
0.185266 8.292400 
0.194223 8.477591 
0.200708 8.626500 
0.232304 8.792999 
0.246351 8.962298 
0.259017 9.138202 
0.238392 9.286362 
0.232063 9.451177 
0.244138 9.551723 
0.275588 9.765909 
0.282751 9.905545 
0.304118 10.112958 
0.308115 10.239129 
0.296875 10.456895 
0.315026 10.589618 
0.314194 10.831716 
0.303621 10.987873 
0.281460 11.066780 
0.276771 11.162034 
0.293956 11.335086 
0.277790 11.443822 
0.248353 11.631076 
0.222229 11.746159 
0.263338 11.890557 
0.265802 12.003260 
0.253389 12.100436 
0.336447 12.272465 
0.358981 12.350372 
0.346440 12.523173 
0.343751 12.642732 
0.345622 12.880366 
0.320431 13.015333 
0.336182 13.265859 
0.355063 13.425037 
0.358399 13.553248 
0.384792 13.795142 
0.393525 13.966800 
0.379430 14.069116 
0.374406 14.224209 
0.350720 14.418495 
0.407388 14.635350 
0.465995 14.781471 
0.501321 14.935107 
0.445523 15.068652 
0.453181 15.248426 
0.473599 15.378431 
0.450365 15.609426 
0.380161 15.732000 
0.426413 15.911348 
0.418027 16.039803 
0.437188 16.190487 
0.463764 16.361313 
0.446485 16.602133 
0.530109 16.765224 
0.533801 17.054630 
0.466321 17.312420 
0.471354 17.491236 
0.476324 17.670773 
0.470240 17.905489 
0.496436 18.030005 
0.522568 18.170712 
0.518652 18.306110 
0.446204 18.584528 
0.455548 18.820967 
0.356098 19.094851 
0.318956 19.300697 
0.342382 19.595274 
0.355472 19.822201 
0.497013 20.143900 
0.540515 20.436647 
0.605309 20.741127 
0.620052 20.992525 
0.620191 21.243898 
0.521850 21.409168 
0.564519 21.652302 
0.561300 21.826353 
0.552134 22.067753 
0.545337 22.357405 
0.524727 22.645052 
0.525264 22.862255 
0.591472 23.154699 
0.598916 23.414663 
0.621155 23.704811 
0.648572 24.031479 
0.647105 24.443182 
0.653532 24.748634 
0.618110 25.239323 
0.617717 25.572563 
0.613433 25.838509 
0.631043 26.131109 
0.646590 26.293369 
0.634301 26.545990 
0.642445 26.825451 
0.642811 27.083998 
0.634017 27.401417 
0.630527 27.641819 
0.703607 28.023796 
0.737431 28.382755 
0.754041 28.667805 
0.770114 28.952259 
0.746690 29.254410 
0.775558 29.508169 
0.808913 29.736387 
0.785909 30.040283 
0.800086 30.266283 
0.745121 30.625500 
0.734134 30.873095 
0.712321 31.106249 
0.694444 31.468592 
0.686083 31.711887 
0.743816 32.042370 
0.781656 32.305721 
0.805981 32.579662 
0.804492 32.910919 
0.800287 33.167492 
0.799880 33.402103 
0.801577 33.735111 
0.812440 33.984039 
0.861141 34.312912 
0.860960 34.677326 
0.837905 34.932186 
0.855728 35.261513 
0.864633 35.509407 
0.874702 35.721188 
0.888061 35.938805 
0.864991 36.198109 
0.846010 36.525845 
0.854073 36.783024 
0.849614 37.134121 
0.837811 37.366753 
0.891904 37.708958 
0.882818 38.024754 
0.843710 38.274052 
0.894897 38.624603 
0.865724 38.885830 
0.828901 39.141285 
0.909052 39.364529 
0.930622 39.582573 
0.930519 39.849995 
0.951751 40.100964 
1.006457 40.497311 
1.030215 40.749660 
1.058043 41.004330 
1.075635 41.099766 
1.088659 41.324230 
1.088494 41.520283 
1.049898 41.877079 
1.101055 42.072372 
1.103782 42.484695 
1.097062 42.720490 
1.124128 43.128876 
1.179199 43.334141 
1.208989 43.592785 
1.242493 43.819157 
1.166938 44.135323 
1.181528 44.429611 
1.053841 44.861248 
1.060705 45.117352 
1.082228 45.355057 
1.131954 45.550224 
1.128882 45.782757 
1.113312 46.010098 
1.102325 46.262032 
1.162825 46.452248 
1.252413 46.691982 
1.211931 46.929367 
1.210910 47.185307 
1.163089 47.461361 
1.144840 47.735039 
1.122387 47.996727 
1.190425 48.191677 
1.258679 48.430027 
1.261229 48.587147 
1.195201 48.806126 
1.204757 48.989346 
1.213601 49.171940 
1.225634 49.441277 
1.226364 49.627888 
1.190375 49.819351 
1.191690 50.016926 
1.206624 50.248150 
1.237420 50.458286 
1.210726 50.634899 
1.184077 50.798077 
1.171838 50.997639 
1.158540 51.195683 
1.170248 51.429394 
1.172966 51.629215 
1.114779 51.805397 
1.087790 51.955544 
1.065350 52.145687 
1.047695 52.258160 
1.066560 52.407043 
1.042223 52.510845 
0.988003 52.695255 
0.960989 52.816257 
0.932882 52.946991 
0.879242 53.155350 
0.798750 53.288673 
0.729215 53.478336 
0.589065 53.928699 
0.516071 54.064407 
0.467250 54.231495 
0.365887 54.411743 
0.353817 54.638832 
0.311634 54.781322 
0.236674 54.903179 
0.155426 55.053509 
0.071277 55.176895 
-0.054068 55.310287 
-0.153637 55.500755 
-0.291790 55.566841 
-0.386603 55.646687 
-0.514398 55.805412 
-0.584103 55.886314 
-0.702444 56.064507 
-0.817511 56.214489 
-0.956481 56.241802 
-1.098267 56.296280 
-1.213800 56.339493 
-1.360604 56.454185 
-1.535670 56.559704 
-1.735446 56.786339 
-1.859737 56.873661 
-2.028348 56.950249 
-2.199787 57.020546 
-2.370790 57.148727 
-2.546420 57.221710 
-2.688581 57.352364 
-2.871584 57.512310 
-3.041615 57.639763 
-3.219593 57.767353 
-3.446835 57.809322 
-3.642526 57.841106 
-3.839705 57.743793 
-4.004121 57.787170 
-4.161687 57.788692 
-4.348561 57.880661 
-4.515868 57.942802 
-4.700984 57.904034 
-4.865888 57.869499 
-5.039512 57.859604 
-5.261109 57.931286 
-5.445100 57.978413 
-5.675980 58.147335 
-5.860638 58.191456 
-6.049985 58.280872 
-6.217649 58.339211 
-6.410203 58.382214 
-6.650301 58.293087 
-6.777606 58.271881 
-6.947131 58.273605 
-7.096762 58.287182 
-7.254534 58.290619 
-7.434077 58.438068 
-7.608546 58.543808 
-7.776717 58.592419 
-7.948005 58.618793 
-8.151063 58.736904 
-8.311375 58.811508 
-8.474292 58.846836 
-8.590469 58.916218 
-8.712745 58.988064 
-8.873432 59.076252 
-9.094179 59.160076 
-9.299249 59.186172 
-9.480113 59.219059 
-9.584357 59.244709 
-9.720732 59.302696 
-9.829665 59.347157 
-9.913098 59.509731 
-10.024083 59.632092 
-10.136922 59.693287 
-10.303187 59.801140 
-10.414065 59.866077 
-10.523822 59.934139 
-10.684529 60.057762 
-10.830777 60.196991 
-10.961492 60.242565 
-11.085070 60.367924 
-11.247582 60.456661 
-11.347589 60.616657 
-11.468110 60.897770 
-11.535164 61.126930 
-11.657064 61.314728 
-11.746713 61.509132 
-11.855656 61.705181 
-11.976602 61.837532 
-12.057928 62.037449 
-12.131547 62.133041 
-12.208357 62.279919 
-12.263700 62.444046 
-12.340821 62.652557 
-12.384068 62.812561 
-12.456606 62.937843 
-12.483986 63.185436 
-12.537376 63.375385 
-12.586587 63.566898 
-12.686845 63.846405 
-12.740373 63.995884 
-12.770065 64.151062 
-12.811041 64.392982 
-12.853078 64.549019 
-12.884916 64.741173 
-12.919842 64.951004 
-12.926117 65.224541 
-12.972756 65.377296 
-13.001194 65.538445 
-12.991903 65.709473 
-12.984929 65.894135 
-12.986497 66.032021 
-13.049595 66.201790 
-13.062023 66.374817 
-13.072787 66.500740 
-13.118189 66.811424 
-13.101981 67.011658 
-13.139446 67.299019 
-13.183924 67.514359 
-13.169147 67.768280 
-13.170214 67.985977 
-13.160960 68.150658 
-13.152869 68.321472 
-13.112194 68.454338 
-13.109856 68.622902 
-13.113694 68.841347 
-13.160320 69.050392 
-13.162124 69.198029 
-13.160308 69.353943 
-13.232289 69.554306 
-13.261724 69.804794 
-13.285053 70.009041 
-13.330515 70.164124 
-13.336338 70.307022 
-13.353632 70.505554 
-13.376412 70.686363 
-13.410717 70.898750 
-13.425915 71.077461 
-13.499631 71.265022 
-13.542372 71.435265 
-13.629544 71.619827 
-13.655500 71.788956 
-13.660018 71.943817 
-13.708825 72.120941 
-13.782021 72.279518 
-13.811748 72.430672 
-13.880187 72.637398 
-13.935445 72.786606 
-14.030724 72.983246 
-14.089818 73.130989 
-14.146487 73.294006 
-14.203285 73.464752 
-14.265540 73.611099 
-14.380671 73.835403 
-14.501863 74.008110 
-14.577728 74.148827 
-14.693299 74.316658 
-14.782631 74.446030 
-14.874348 74.573357 
-15.009599 74.761154 
-15.154430 74.928825 
-15.239123 75.091515 
-15.400183 75.254776 
-15.516782 75.350273 
-15.720669 75.466713 
-15.838368 75.589027 
-16.021070 75.779305 
-16.121666 75.843262 
-16.288748 75.951088 
-16.459270 76.016541 
-16.596935 76.120392 
-16.884531 76.251427 
-17.021709 76.348091 
-17.169165 76.545135 
-17.315241 76.638893 
-17.527308 76.701164 
-17.725016 76.749527 
-17.955582 76.830093 
-18.139055 76.876976 
-18.401340 76.946465 
-18.615931 77.003693 
-18.771870 77.088768 
-18.911667 77.154442 
-19.082069 77.268585 
-19.256495 77.316788 
-19.520187 77.333672 
-19.721031 77.381393 
-19.975744 77.405083 
-20.131231 77.438934 
-20.326529 77.428482 
-20.520334 77.463737 
-20.747969 77.473724 
-20.963377 77.457436 
-21.186241 77.488037 
-21.371038 77.512863 
-21.557686 77.521057 
-21.813433 77.572227 
-22.029219 77.589203 
-22.331219 77.646759 
-22.563520 77.652443 
-22.781507 77.662231 
-22.961880 77.687881 
-23.165239 77.728127 
-23.378611 77.748871 
-23.595203 77.759048 
-23.857515 77.691650 
-24.060356 77.703926 
-24.260450 77.732422 
-24.466402 77.754356 
-24.692528 77.806267 
-24.944408 77.794281 
-25.145414 77.800262 
-25.418919 77.802483 
-25.656134 77.834824 
-25.899191 77.860977 
-26.134140 77.896584 
-26.283075 77.886139 
-26.444372 77.908272 
-26.656082 77.887901 
-26.923738 77.843567 
-27.127357 77.896996 
-27.439743 77.907539 
-27.633358 77.935455 
-27.892477 77.972366 
-28.142540 77.960518 
-28.354788 77.976135 
-28.558327 77.987640 
-28.790792 77.999260 
-28.999262 78.028419 
-29.225693 78.013298 
-29.409395 78.038376 
-29.624393 78.021950 
-29.836948 78.022743 
-30.037140 78.046074 
-30.228357 78.045662 
-30.473370 78.046486 
-30.640192 78.051018 
-30.889887 78.072792 
-31.068445 78.075691 
-31.307066 78.099312 
-31.487257 78.103516 
-31.724543 78.137161 
-31.904774 78.143265 
-32.146698 78.201553 
-32.322617 78.230164 
-32.563164 78.299026 
-32.764519 78.326103 
-33.016407 78.359055 
-33.192261 78.383034 
-33.417103 78.409279 
-33.592533 78.437332 
-33.788223 78.483093 
-33.956520 78.511993 
-34.214764 78.556114 
-34.402794 78.613358 
-34.624134 78.688705 
-34.791111 78.724060 
-34.982887 78.776794 
-35.172482 78.829643 
-35.425068 78.880692 
-35.612293 78.956406 
-35.775482 79.008888 
-35.967739 79.013290 
-36.164768 79.051476 
-36.360893 79.092140 
-36.587654 79.175545 
-36.758049 79.224754 
-36.896534 79.330849 
-37.066002 79.409691 
-37.265442 79.535240 
-37.442482 79.613197 
-37.664524 79.703918 
-37.830776 79.769920 
-38.001175 79.792534 
-38.210892 79.887939 
-38.349133 79.974648 
-38.517567 80.043716 
-38.684948 80.115715 
-38.860023 80.160530 
-39.034725 80.204765 
-39.261005 80.244316 
-39.427330 80.288734 
-39.593281 80.331764 
-39.777668 80.404549 
-39.944771 80.440437 
-40.109997 80.485832 
-40.263165 80.511299 
-40.421680 80.554878 
-40.582703 80.590164 
-40.717800 80.606781 
-40.877594 80.637863 
-41.008831 80.665756 
-41.140995 80.691231 
-41.359478 80.703697 
-41.509853 80.699165 
-41.718410 80.684013 
-41.869568 80.672394 
-42.041573 80.681999 
-42.191540 80.666412 
-42.346878 80.663963 
-42.476532 80.635384 
-42.629723 80.612267 
-42.761623 80.583252 
-42.942245 80.552856 
-43.069736 80.521172 
-43.236984 80.443840 
-43.363876 80.393143 
-43.506683 80.289436 
-43.628925 80.231148 
-43.767601 80.173103 
-43.885498 80.106895 
-44.013966 80.014870 
-44.127071 79.940628 
-44.244579 79.834717 
-44.341248 79.732040 
-44.438305 79.639084 
-44.528236 79.525040 
-44.622879 79.425934 
-44.720364 79.309151 
-44.800686 79.205559 
-44.885796 79.077492 
-44.957691 78.963104 
-45.028969 78.838646 
-45.109180 78.696053 
-45.171165 78.566284 
-45.264664 78.453644 
-45.338478 78.340836 
-45.407322 78.214973 
-45.446098 78.067108 
-45.488930 77.905151 
-45.531216 77.755035 
-45.588848 77.612534 
-45.631657 77.470024 
-45.701595 77.356461 
-45.698673 77.223076 
-45.733604 77.110435 
-45.735168 76.961304 
-45.731613 76.838882 
-45.726044 76.695915 
-45.703613 76.512634 
-45.699829 76.383369 
-45.691936 76.254181 
-45.673386 76.111282 
-45.648392 76.003723 
-45.679024 75.900795 
-45.650795 75.785065 
-45.618820 75.670082 
-45.571980 75.506668 
-45.553936 75.360115 
-45.514538 75.256149 
-45.488476 75.141502 
-45.457729 75.050270 
-45.410259 74.957283 
-45.363823 74.884972 
-45.308376 74.784782 
-45.267357 74.722404 
-45.226048 74.664925 
-45.230423 74.615021 
-45.219387 74.579430 
-45.241753 74.570808 
-45.227638 74.546051 
-45.217571 74.522949 
-45.212444 74.506058 
-45.200344 74.488304 
-45.194046 74.463516 
-45.206238 74.439194 
-45.194130 74.415565 
-45.195000 74.406990 
-45.178894 74.390221 
-45.178005 74.370323 
-45.158916 74.337852 
-45.151031 74.319748 
-45.139912 74.320404 
-45.133049 74.326378 
-45.126114 74.335915 
-45.124413 74.350487 
-45.127670 74.365883 
-45.126125 74.379578 
-45.126122 74.379852 
-45.127747 74.401695 
-45.138599 74.422577 
-45.134449 74.452576 
-45.138561 74.480240 
-45.151524 74.508133 
-45.160492 74.532173 
-45.158531 74.566177 
-45.147095 74.595833 
-45.146187 74.630913 
-45.150650 74.689468 
-45.154823 74.737022 
-45.159973 74.786110 
-45.146759 74.850182 
-45.132301 74.913948 
-45.124420 74.980431 
-45.154106 75.048119 
-45.164177 75.119125 
-45.203457 75.207344 
-45.201527 75.284592 
-45.194080 75.358376 
-45.189022 75.464249 
-45.185856 75.543938 
-45.229271 75.636627 
-45.255177 75.715210 
-45.326118 75.811028 
-45.355499 75.888229 
-45.400936 76.024231 
-45.428947 76.125618 
-45.464947 76.209312 
-45.505974 76.309715 
-45.551422 76.380684 
-45.603539 76.451088 
-45.659733 76.534515 
-45.690826 76.651512 
-45.716045 76.727608 
-45.728775 76.812042 
-45.757385 76.887352 
-45.787643 76.963776 
-45.867645 77.048790 
-45.917759 77.118301 
-45.982510 77.196693 
-46.018188 77.265442 
-46.045265 77.312241 
-46.070694 77.355850 
-46.090527 77.374420 
-46.122280 77.411575 
-46.172821 77.445663 
-46.203865 77.464455 
-46.242207 77.498352 
-46.251766 77.507111 
-46.251934 77.502487 
-46.290016 77.543213 
-46.291359 77.542816 
-46.309616 77.565987 
-46.298069 77.582573 
-46.310493 77.567383 
-46.329597 77.549767 
-46.346008 77.539825 
-46.370258 77.501808 
-46.345909 77.495331 
-46.333694 77.467232 
-46.274910 77.441689 
-46.229309 77.421112 
-46.179512 77.408463 
-46.148853 77.375351 
-46.063416 77.347771 
-45.986992 77.296921 
-45.885246 77.262611 
-45.787331 77.206154 
-45.676498 77.147430 
-45.539860 77.065910 
-45.381920 77.012856 
-45.212852 76.945137 
-45.047359 76.889641 
-44.846199 76.842232 
-44.633480 76.775536 
-44.444160 76.729202 
-44.234436 76.703979 
-44.060966 76.685150 
-43.819191 76.683708 
-43.636539 76.691200 
-43.447128 76.694420 
-43.286961 76.699142 
-43.059227 76.696884 
-42.879211 76.696571 
-42.699223 76.700737 
-42.430061 76.712273 
-42.157818 76.749313 
-41.953197 76.774155 
-41.666237 76.809998 
-41.432701 76.828484 
-41.145664 76.847733 
-40.915539 76.881935 
-40.672760 76.954193 
-40.436398 77.015388 
-40.108753 77.053093 
-39.850296 77.109856 
-39.577793 77.170380 
-39.232922 77.217682 
-38.996040 77.283188 
-38.677349 77.349762 
-38.404102 77.400993 
-38.041977 77.421631 
-37.757572 77.465660 
-37.402241 77.497993 
-37.090141 77.550003 
-36.815769 77.607925 
-36.542072 77.641991 
-36.232803 77.656853 
-35.966049 77.684654 
-35.651661 77.695656 
-35.300465 77.788055 
-35.006092 77.824478 
-34.737598 77.877815 
-34.443615 77.938339 
-34.177467 77.981529 
-33.893265 78.000450 
-33.604149 78.032295 
-33.267696 78.052071 
-32.903545 78.065102 
-32.613525 78.089600 
-32.199398 78.115654 
-31.918404 78.130844 
-31.551874 78.178078 
-31.231369 78.193321 
-30.916901 78.196289 
-30.546743 78.185272 
-30.154320 78.233330 
-29.824003 78.229126 
-29.515724 78.213371 
-29.152281 78.279427 
-28.846912 78.277328 
-28.466024 78.286758 
-28.108171 78.336388 
-27.810862 78.351242 
-27.487772 78.360306 
-27.144438 78.381836 
-26.848635 78.375191 
-26.484005 78.355545 
-26.118973 78.286636 
-25.809994 78.276596 
-25.507042 78.278038 
-25.142639 78.323067 
-24.852430 78.298912 
-24.520073 78.278969 
-24.258198 78.279297 
-23.934757 78.265396 
-23.627825 78.278450 
-23.216812 78.256561 
-22.936029 78.232346 
-22.537771 78.157356 
-22.161516 78.102028 
-21.851341 78.061378 
-21.541231 78.017769 
-21.193525 77.921616 
-20.896400 77.882088 
-20.583727 77.822014 
-20.296953 77.758286 
-19.987988 77.669151 
-19.699240 77.594536 
-19.394606 77.492661 
-19.126461 77.427162 
-18.847857 77.338013 
-18.590544 77.215363 
-18.305378 77.102570 
-18.051048 76.996490 
-17.779253 76.870949 
-17.522552 76.762550 
-17.259123 76.579048 
-17.028769 76.457771 
-16.810423 76.343636 
-16.617250 76.227379 
-16.420839 76.059158 
-16.226515 75.930466 
-16.025621 75.766098 
-15.871410 75.606163 
-15.660040 75.373070 
-15.536847 75.225708 
-15.333120 74.985756 
-15.217897 74.817741 
-15.053555 74.568787 
-14.950482 74.390068 
-14.854617 74.207863 
-14.715380 73.979141 
-14.620438 73.768837 
-14.528930 73.529465 
-14.338535 73.193634 
-14.271630 73.012489 
-14.207925 72.787430 
-14.171180 72.566788 
-14.071549 72.285034 
-14.011107 72.046860 
-13.966137 71.728455 
-13.960928 71.511734 
-13.978029 71.221031 
-13.929038 70.970520 
-13.871902 70.658424 
-13.833677 70.429855 
-13.780890 70.175011 
-13.786821 69.918915 
-13.761282 69.681656 
-13.771071 69.428329 
-13.776876 69.141449 
-13.782784 68.876099 
-13.794859 68.623535 
-13.834226 68.381042 
-13.827550 68.114006 
-13.859973 67.870476 
-13.808856 67.622131 
-13.813886 67.360466 
-13.749878 67.113174 
-13.744511 66.955772 
-13.688015 66.750999 
-13.689081 66.595184 
-13.697612 66.439445 
-13.638073 66.169830 
-13.576260 66.002754 
-13.527093 65.800293 
-13.375017 65.312286 
-13.329821 65.026085 
-13.283168 64.644058 
-13.252113 64.448120 
-13.184887 64.263557 
-13.090814 64.041710 
-12.993898 63.830353 
-12.858023 63.673363 
-12.742222 63.461807 
-12.626348 63.267323 
-12.499478 62.999428 
-12.385303 62.859642 
-12.290352 62.726624 
-12.198249 62.586029 
-12.034577 62.440006 
-11.942942 62.319069 
-11.761646 62.170525 
-11.607033 62.073879 
-11.424844 61.938679 
-11.282219 61.805683 
-11.138071 61.660801 
-10.998213 61.449978 
-10.861320 61.316895 
-10.698838 61.241028 
-10.493089 61.162052 
-10.294940 61.147678 
-10.128929 61.063869 
-9.964040 60.985680 
-9.770730 60.853432 
-9.602502 60.782585 
-9.422378 60.670227 
-9.255613 60.612221 
-9.061037 60.539936 
-8.895625 60.416409 
-8.752458 60.282387 
-8.543431 60.098919 
-8.354630 60.023182 
-8.169157 59.937439 
-7.978917 60.047829 
-7.817631 60.029701 
-7.656756 60.110382 
-7.514555 60.123440 
-7.338824 60.006947 
-7.183047 59.959679 
-7.032607 59.860268 
-6.867285 59.863632 
-6.694742 59.844841 
-6.559487 59.642094 
-6.419847 59.537029 
-6.305455 59.436142 
-6.138147 59.269623 
-5.996627 59.225708 
-5.827859 59.155460 
-5.697447 59.021095 
-5.588911 58.915901 
-5.491886 58.788765 
-5.356432 58.755589 
-5.244269 58.699200 
-5.132359 58.640602 
-4.930598 58.623604 
-4.833554 58.491333 
-4.745775 58.403473 
-4.568163 58.232597 
-4.446211 58.196617 
-4.307984 58.136223 
-4.126375 58.087711 
-4.000158 57.990559 
-3.875368 57.814125 
-3.764959 57.689644 
-3.661910 57.474968 
-3.577584 56.993374 
-3.507906 56.839924 
-3.382955 56.668346 
-3.231636 56.433266 
-3.137289 56.277626 
-3.032609 56.090408 
-2.946023 55.956554 
-2.865363 55.833771 
-2.819289 55.646297 
-2.800077 55.461193 
-2.761905 55.366692 
-2.725082 55.236694 
-2.707800 54.926201 
-2.656125 54.788372 
-2.594478 54.618214 
-2.463590 54.405602 
-2.420134 54.254200 
-2.355902 54.080513 
-2.331170 53.768856 
-2.355181 53.539097 
-2.343512 53.299431 
-2.320858 52.885971 
-2.300546 52.640430 
-2.280692 52.429764 
-2.142018 52.111706 
-2.146376 51.845535 
-2.186480 51.573040 
-2.165376 51.370235 
-2.074717 51.224293 
-2.058432 51.022999 
-2.053767 50.811142 
-1.970219 50.689491 
-1.957124 50.553211 
-1.962380 50.428188 
-1.987743 50.102287 
-1.976109 49.881260 
-1.975723 49.478828 
-1.948427 49.229332 
-1.947303 49.008957 
-1.922539 48.551926 
-1.952100 48.329121 
-1.933712 48.126232 
-1.972581 47.802151 
-1.956902 47.585072 
-1.981777 47.374256 
-1.908784 47.114456 
-1.879650 46.865654 
-1.897769 46.686035 
-1.906714 46.276402 
-1.897564 46.081036 
-1.921206 45.867683 
-1.941965 45.506115 
-1.890421 45.243671 
-1.903026 45.075340 
-1.911155 44.639194 
-1.906960 44.401424 
-1.903775 44.140800 
-1.965459 43.763279 
-2.001910 43.498856 
-1.986253 43.233364 
-1.969606 42.968727 
-2.011830 42.505280 
-2.036103 42.222820 
-2.044317 41.953499 
-2.062768 41.685596 
-2.092100 41.221405 
-2.092996 40.959641 
-2.090112 40.671738 
-2.060838 40.218075 
-2.084652 39.928253 
-2.123501 39.674183 
-2.134447 39.315208 
-2.154398 39.073032 
-2.130384 38.800114 
-2.141477 38.584057 
-2.076961 38.179283 
-2.054168 37.911171 
-2.049188 37.603153 
-2.071800 37.120541 
-2.081658 36.877686 
-2.089922 36.634689 
-2.121022 36.338676 
-2.143865 36.048836 
-2.161844 35.807957 
-2.192831 35.360130 
-2.199377 35.128597 
-2.199284 34.887257 
-2.164695 34.564682 
-2.150108 34.372952 
-2.193091 34.130806 
-2.155851 33.689236 
-2.139018 33.457191 
-2.139551 33.330933 
-2.121811 32.974789 
-2.118268 32.810078 
-2.116134 32.620510 
-2.181237 31.888788 
-2.199322 31.634512 
-2.194341 31.344425 
-2.235263 30.837757 
-2.236194 30.625311 
-2.223612 30.413963 
-2.208628 29.820057 
-2.210470 29.615540 
-2.188724 29.105146 
-2.188035 28.842928 
-2.187197 28.582447 
-2.210640 28.039324 
-2.205073 27.808844 
-2.202382 27.586115 
-2.248192 27.039280 
-2.293483 26.810560 
-2.267812 26.538031 
-2.281225 26.095188 
-2.290539 25.837448 
-2.299890 25.577522 
-2.310091 24.976860 
-2.326875 24.718601 
-2.327050 24.440502 
-2.316123 24.062180 
-2.318871 23.846462 
-2.336050 23.624052 
-2.334323 23.402496 
-2.331226 23.046022 
-2.326391 22.837906 
-2.337928 22.698526 
-2.368022 22.404263 
-2.384706 22.266699 
-2.400515 22.128839 
-2.425045 21.958626 
-2.415102 21.808594 
-2.431266 21.668701 
-2.388299 21.435848 
-2.394738 21.286732 
-2.365435 21.121817 
-2.380883 20.971851 
-2.405822 20.820900 
-2.430990 20.699703 
-2.454465 20.563839 
-2.459475 20.486008 
-2.421569 20.371683 
-2.414859 20.318115 
-2.397289 20.189329 
-2.391726 19.956572 
-2.384052 19.699528 
-2.356503 19.586046 
-2.327814 19.460190 
-2.344319 19.511557 
-2.348264 19.419252 
-2.364866 19.321087 
-2.360671 19.209625 
-2.403267 19.161982 
-2.380002 19.083658 
-2.369204 18.993177 
-2.352012 18.879992 
-2.362365 18.830061 
-2.416236 18.674301 
-2.419005 18.606663 
-2.446535 18.346647 
-2.467019 18.243221 
-2.487025 18.143473 
-2.473448 18.001350 
-2.455975 17.917257 
-2.461685 17.818424 
-2.351243 17.549154 
-2.343744 17.393808 
-2.274053 17.255646 
-2.321295 17.040859 
-2.358275 16.935619 
-2.420938 16.894573 
-2.435337 16.829470 
-2.447535 16.702051 
-2.459500 16.588602 
-2.462432 16.432753 
-2.464958 16.276215 
-2.420018 15.983140 
-2.369601 15.797595 
-2.380570 15.684436 
-2.394329 15.563558 
-2.390904 15.365879 
-2.456389 15.265757 
-2.476937 15.084843 
-2.494932 14.887924 
-2.453242 14.747206 
-2.423810 14.611133 
-2.397899 14.389220 
-2.403649 14.231833 
-2.334087 14.096809 
-2.354589 13.828495 
-2.382408 13.525645 
-2.465261 13.347957 
-2.439028 13.242335 
-2.352497 13.095567 
-2.338225 12.969779 
-2.295932 12.926023 
-2.274473 12.836504 
-2.269162 12.754272 
-2.376259 12.513479 
-2.347081 12.370417 
-2.316184 12.235336 
-2.316749 12.050396 
-2.361402 11.586486 
-2.350594 11.476194 
-2.357762 11.393570 
-2.302398 11.289680 
-2.401373 10.868711 
-2.358857 10.620240 
-2.375330 10.405452 
-2.368441 10.238220 
-2.458018 9.852912 
-2.451952 9.688722 
-2.441255 9.487868 
-2.477116 9.269996 
-2.481053 9.102783 
-2.484958 8.935491 
-2.501673 8.752120 
-2.508934 8.653849 
-2.493468 8.478653 
-2.531051 8.294863 
-2.528653 7.999627 
-2.513348 7.798018 
-2.502425 7.569546 
-2.505459 7.388216 
-2.494564 6.957019 
-2.497633 6.791640 
-2.510328 6.623058 
-2.516468 6.467426 
-2.565490 6.080984 
-2.580731 5.828878 
-2.591135 5.628008 
-2.614928 5.434099 
-2.590841 4.961901 
-2.607713 4.814195 
-2.596388 4.659228 
-2.613033 4.464375 
-2.589253 4.087581 
-2.552349 3.976805 
-2.546052 3.785656 
-2.546647 3.591999 
-2.524889 2.974562 
-2.532813 2.821719 
-2.528116 2.671935 
-2.561976 2.042743 
-2.555440 1.892991 
-2.518907 1.746337 
-2.551145 1.378188 
-2.566597 1.226427 
-2.578490 1.064768 
-2.575118 0.918774 
-2.634571 0.333824 
-2.625841 0.181871 
-2.626333 0.092007 
-2.630480 -0.577666 
-2.663508 -0.765858 
-2.682649 -0.955607 
-2.696173 -1.472852 
-2.718010 -1.750601 
-2.712942 -1.958836 
-2.695608 -2.709148 
-2.713653 -2.905751 
-2.715995 -3.137604 
-2.711247 -3.552206 
-2.714554 -3.759100 
-2.732609 -4.002425 
-2.745005 -4.257286 
-2.726513 -4.930850 
-2.719454 -5.145072 
-2.744092 -5.412012 
-2.763811 -6.076163 
-2.786428 -6.350196 
-2.768786 -6.549142 
-2.789870 -6.966192 
-2.769263 -7.194808 
-2.750044 -7.423617 
-2.685561 -8.071218 
-2.699849 -8.345413 
-2.722826 -8.590101 
-2.808707 -9.080645 
-2.856889 -9.312321 
-2.853992 -9.477706 
-2.861037 -10.051527 
-2.841269 -10.316601 
-2.844854 -10.589329 
-2.786215 -11.139313 
-2.816031 -11.426668 
-2.834016 -11.706286 
-2.923719 -12.451916 
-2.982224 -12.767306 
-2.949862 -13.157516 
-2.964617 -13.401250 
-2.986961 -13.644334 
-2.963880 -14.013075 
-2.983017 -14.283365 
-2.986011 -14.584332 
-2.928963 -15.342772 
-2.938180 -15.703050 
-2.938830 -16.180002 
-2.933124 -16.521214 
-2.981543 -16.982239 
-3.002358 -17.256266 
-2.995988 -17.683662 
-3.017627 -17.958315 
-3.014603 -18.243866 
-3.028568 -18.542833 
-3.033125 -18.838490 
-3.061846 -19.171263 
-3.030762 -19.791759 
-3.025523 -20.094305 
-3.049800 -20.387056 
-3.063169 -20.689770 
-3.077192 -21.172377 
-3.066222 -21.449976 
-3.057468 -21.726988 
-3.000549 -22.328077 
-3.034671 -22.643644 
-3.039777 -22.970375 
-3.037515 -23.295546 
-3.071125 -23.903440 
-3.089294 -24.212313 
-3.105880 -24.512741 
-3.077039 -24.843966 
-3.052338 -25.263115 
-3.093010 -25.565445 
-3.079640 -25.821445 
-3.042295 -26.267738 
-3.035153 -26.451401 
-3.101372 -26.756155 
-3.103459 -27.000338 
-3.066004 -27.391651 
-3.078758 -27.605093 
-3.109152 -28.097750 
-3.126316 -28.304327 
-3.096809 -28.599348 
-3.052635 -28.937067 
-3.026619 -29.206099 
-3.012421 -29.519543 
-3.024432 -30.044422 
-3.023414 -30.330641 
-3.076710 -30.661968 
-3.080090 -30.916727 
-3.116114 -31.260569 
-3.147140 -31.547573 
-3.171742 -31.962635 
-3.189464 -32.247200 
-3.180543 -32.457573 
-3.138871 -32.719986 
-3.192656 -32.933266 
-3.169582 -33.218800 
-3.168419 -33.467098 
-3.187367 -33.671665 
-3.172416 -33.989666 
-3.204283 -34.248199 
-3.222249 -34.622684 
-3.216269 -34.871857 
-3.136397 -35.295094 
-3.135624 -35.544167 
-3.128661 -35.770096 
-3.127463 -36.068058 
-3.102504 -36.329819 
-3.105375 -36.580334 
-3.117314 -37.024677 
-3.133497 -37.250835 
-3.188287 -37.553539 
-3.187443 -37.798779 
-3.175215 -38.169144 
-3.177415 -38.421249 
-3.196191 -38.803036 
-3.201408 -39.056892 
-3.198930 -39.400425 
-3.187822 -39.660088 
-3.192583 -40.079021 
-3.206096 -40.327122 
-3.238354 -40.669193 
-3.239683 -40.926044 
-3.251813 -41.195690 
-3.261678 -41.486763 
-3.246000 -41.829655 
-3.235840 -42.090561 
-3.244040 -42.422100 
-3.226400 -42.666718 
-3.259791 -43.025948 
-3.255151 -43.256119 
-3.289259 -43.687908 
-3.268026 -43.944950 
-3.253296 -44.353382 
-3.265786 -44.597122 
-3.251688 -45.005474 
-3.239159 -45.275459 
-3.258449 -45.554508 
-3.271172 -46.004200 
-3.297279 -46.260021 
-3.258629 -46.552952 
-3.296655 -47.163391 
-3.284369 -47.459255 
-3.289339 -47.885605 
-3.281525 -48.181042 
-3.305925 -48.557423 
-3.334908 -48.831833 
-3.363743 -49.106831 
-3.417865 -49.532742 
-3.442100 -49.821102 
-3.425906 -50.094315 
-3.432101 -50.355453 
-3.417434 -50.860233 
-3.397873 -51.149963 
-3.379853 -51.439945 
-3.335364 -51.957569 
-3.348754 -52.196442 
-3.367052 -52.499218 
-3.411212 -52.837601 
-3.395102 -53.123112 
-3.379718 -53.408424 
-3.359462 -53.687035 
-3.396469 -54.222336 
-3.423618 -54.589794 
-3.400743 -54.838013 
-3.426229 -55.084743 
-3.479097 -55.513794 
-3.473946 -55.793781 
-3.479268 -56.066208 
-3.484808 -56.338051 
-3.484848 -56.902531 
-3.487376 -57.212784 
-3.498531 -57.468521 
-3.459198 -57.852783 
-3.466603 -58.184513 
-3.450915 -58.503784 
-3.437465 -58.756035 
-3.443023 -59.075134 
-3.429914 -59.314556 
-3.417137 -59.554260 
-3.440160 -59.950497 
-3.441257 -60.256981 
-3.440745 -60.562443 
-3.486498 -61.139595 
-3.512353 -61.370930 
-3.526684 -61.648212 
-3.453860 -61.894497 
-3.443100 -62.191853 
-3.459371 -62.441956 
-3.495689 -62.901127 
-3.482657 -63.209698 
-3.501625 -63.504375 
-3.538934 -63.893368 
-3.538602 -64.159279 
-3.538326 -64.424843 
-3.492473 -64.852409 
-3.497917 -65.149300 
-3.429033 -65.552956 
-3.419008 -65.839645 
-3.427301 -66.164894 
-3.382572 -66.461121 
-3.428044 -66.788864 
-3.409867 -67.057693 
-3.418240 -67.360184 
-3.456924 -67.686691 
-3.461790 -67.957611 
-3.418231 -68.239868 
-3.473313 -68.618721 
-3.509467 -68.889549 
-3.519149 -69.232834 
-3.503088 -69.502655 
-3.419622 -69.745720 
-3.448139 -70.057121 
-3.416116 -70.351524 
-3.437966 -70.630524 
-3.570555 -71.106369 
-3.564724 -71.375648 
-3.574779 -71.611008 
-3.584826 -71.946136 
-3.588827 -72.187683 
-3.581061 -72.433983 
-3.591657 -72.753777 
-3.588033 -73.007660 
-3.637118 -73.254456 
-3.638111 -73.494156 
-3.640208 -73.752113 
-3.700166 -73.968559 
-3.763362 -74.325577 
-3.787508 -74.560905 
-3.805177 -74.814087 
-3.898158 -75.081146 
-3.894337 -75.327545 
-3.907451 -75.510605 
-3.935284 -75.740913 
-3.970433 -75.977707 
-4.088058 -76.220383 
-4.172139 -76.447586 
-4.231971 -76.642960 
-4.303750 -76.823723 
-4.390325 -76.996300 
-4.457575 -77.172379 
-4.547713 -77.426430 
-4.611550 -77.595505 
-4.680004 -77.842636 
-4.744660 -78.021408 
-4.842891 -78.209312 
-4.918736 -78.376068 
-5.042745 -78.543236 
-5.177845 -78.697792 
-5.256956 -78.980331 
-5.363564 -79.160278 
-5.429818 -79.364296 
-5.596861 -79.506081 
-5.690012 -79.637939 
-5.850077 -79.902702 
-6.012913 -80.101402 
-6.090864 -80.268898 
-6.199767 -80.401222 
-6.319451 -80.531731 
-6.377870 -80.634094 
-6.498263 -80.789131 
-6.627206 -80.975700 
-6.724238 -81.098686 
-6.845180 -81.281921 
-7.003914 -81.460793 
-7.137000 -81.629128 
-7.287120 -81.800186 
-7.475730 -81.881035 
-7.623489 -82.038040 
-7.771018 -82.193260 
-7.908740 -82.300369 
-8.017488 -82.449898 
-8.128814 -82.605537 
-8.202459 -82.795494 
-8.371531 -82.904556 
-8.469224 -82.986862 
-8.572983 -83.122360 
-8.715063 -83.245621 
-8.789828 -83.367012 
-8.848163 -83.516006 
-8.977760 -83.611305 
-9.091511 -83.695374 
-9.194139 -83.797821 
-9.399321 -83.929390 
-9.498517 -83.982201 
-9.515630 -84.103508 
-9.600677 -84.186836 
-9.636893 -84.335915 
-9.699616 -84.443039 
-9.866565 -84.720627 
-9.939811 -84.877632 
-9.970735 -84.989624 
-10.049263 -85.143295 
-10.145923 -85.263924 
-10.303329 -85.438965 
-10.355031 -85.544746 
-10.369012 -85.690956 
-10.419900 -85.840675 
-10.453230 -85.993675 
-10.462210 -86.212029 
-10.454675 -86.360924 
-10.463107 -86.538383 
-10.469049 -86.714554 
-10.480749 -86.964172 
-10.490614 -87.081223 
-10.498660 -87.256287 
-10.503514 -87.350929 
-10.460703 -87.449631 
-10.413048 -87.568108 
-10.297606 -87.738678 
-10.217753 -87.867859 
-10.187243 -88.056328 
-10.141183 -88.198128 
-10.167931 -88.421349 
-10.137931 -88.575722 
-10.068733 -88.835037 
-10.003358 -88.973907 
-9.876881 -89.203262 
-9.756765 -89.339348 
-9.607672 -89.488113 
-9.488472 -89.603546 
-9.342065 -89.690880 
-9.222024 -89.837601 
-9.093174 -89.976997 
-8.972390 -90.077820 
-8.855819 -90.175949 
-8.736000 -90.269547 
-8.557594 -90.378578 
-8.462543 -90.434418 
-8.286466 -90.508133 
-8.148585 -90.582359 
-8.030847 -90.649521 
-8.000236 -90.759056 
-7.851295 -90.876106 
-7.731483 -90.976395 
-7.554483 -91.122704 
-7.460674 -91.199844 
-7.196631 -91.282669 
-7.078491 -91.307632 
-6.828777 -91.284142 
-6.696802 -91.300644 
-6.527560 -91.293678 
-6.346766 -91.305679 
-6.119092 -91.367859 
-5.991772 -91.334160 
-5.794260 -91.327522 
-5.644912 -91.314987 
-5.506233 -91.305313 
-5.344123 -91.309341 
-5.196751 -91.275337 
-5.059224 -91.263336 
-4.854609 -91.172211 
-4.715904 -91.071136 
-4.590264 -91.029922 
-4.491087 -91.021973 
-4.412136 -90.994591 
-4.335125 -91.035324 
-4.265714 -90.998756 
-4.196352 -90.957901 
-4.102626 -90.910515 
-4.078834 -90.894218 
-4.042959 -90.934387 
-4.059423 -90.923096 
-4.049652 -90.984047 
-4.026794 -90.974831 
-4.024293 -90.983589 
-4.045772 -90.985062 
-4.017495 -90.986580 
-3.989329 -90.978836 
-3.966843 -90.939377 
-3.974057 -90.946411 
-3.997502 -90.947182 
-3.994185 -90.956116 
-4.047116 -90.991859 
-4.056834 -91.013443 
-4.072253 -91.009659 
-4.087401 -91.012367 
-4.100853 -91.037659 
-4.104034 -91.068466 
-4.156593 -91.015640 
-4.169606 -91.053703 
-4.229695 -91.007782 
-4.278130 -91.023819 
-4.324101 -91.032768 
-4.363107 -91.047401 
-4.437530 -91.055336 
-4.489595 -91.091415 
-4.585213 -91.068054 
-4.652522 -91.051201 
-4.759459 -90.993065 
-4.841568 -90.986008 
-4.941850 -91.067863 
-5.011714 -91.108589 
-5.127640 -91.129959 
-5.225082 -91.185951 
-5.388566 -91.234726 
-5.533237 -91.244041 
-5.687940 -91.267784 
-5.789969 -91.281494 
-5.898190 -91.271713 
-6.011384 -91.292450 
-6.132247 -91.308884 
-6.198025 -91.331451 
-6.335183 -91.352737 
-6.448144 -91.361237 
-6.539178 -91.362541 
-6.645045 -91.356194 
-6.763877 -91.376572 
-6.845632 -91.388138 
-7.005555 -91.386444 
-7.137897 -91.359550 
-7.234656 -91.351807 
-7.310965 -91.376854 
-7.374395 -91.401146 
-7.465994 -91.423134 
-7.583045 -91.497795 
-7.685496 -91.512901 
-7.830395 -91.582214 
-7.921556 -91.604515 
-8.056115 -91.577179 
-8.166246 -91.566559 
-8.330195 -91.523239 
-8.440786 -91.506958 
-8.557297 -91.571426 
-8.636903 -91.562500 
-8.750160 -91.645142 
-8.842772 -91.650398 
-8.950705 -91.698387 
-9.030066 -91.733307 
-9.052972 -91.725136 
-9.049513 -91.700485 
-9.101296 -91.705765 
-9.120392 -91.699036 
-9.154277 -91.725784 
-9.168739 -91.741592 
-9.171329 -91.803856 
-9.193893 -91.810829 
-9.231885 -91.780228 
-9.258519 -91.771103 
-9.321215 -91.782028 
-9.321881 -91.798386 
-9.295403 -91.830734 
-9.245932 -91.827003 
-9.262632 -91.781334 
-9.237033 -91.781021 
-9.113873 -91.729675 
-9.121507 -91.710480 
-9.088809 -91.686966 
-9.023833 -91.701721 
-8.976630 -91.666374 
-8.918521 -91.639145 
-8.809946 -91.586555 
-8.748137 -91.526077 
-8.667974 -91.496155 
-8.574476 -91.433311 
-8.537203 -91.355934 
-8.454867 -91.277527 
-8.308480 -91.144745 
-8.230481 -91.068993 
-8.059919 -91.019661 
-7.988996 -90.915901 
-7.941718 -90.804146 
-7.793512 -90.700653 
-7.721653 -90.620705 
-7.648468 -90.452850 
-7.434415 -90.300087 
-7.355913 -90.176849 
-7.277702 -90.063408 
-7.203320 -89.955658 
-7.140616 -89.764603 
-7.065735 -89.614365 
-7.023368 -89.476692 
-6.992802 -89.232460 
-6.946255 -89.074471 
-6.865838 -88.918884 
-6.652232 -88.837196 
-6.581825 -88.690224 
-6.448122 -88.528206 
-6.361443 -88.394539 
-6.309397 -88.259689 
-6.235321 -88.116203 
-6.092605 -87.943558 
-5.979812 -87.823273 
-5.833233 -87.614021 
-5.759926 -87.450005 
-5.666925 -87.305229 
-5.636222 -87.159065 
-5.560450 -87.102028 
-5.460008 -86.984581 
-5.413769 -86.713173 
-5.370049 -86.549339 
-5.267358 -86.441399 
-5.171249 -86.044357 
-5.076104 -85.920082 
-5.065715 -85.781853 
-4.834417 -85.452675 
-4.745607 -85.353638 
-4.641922 -85.204330 
-4.424970 -84.949142 
-4.391775 -84.751472 
-4.269756 -84.561584 
-4.019101 -84.130089 
-3.932486 -83.950417 
-3.730584 -83.762245 
-3.679386 -83.541458 
-3.571709 -83.329369 
-3.486506 -83.148277 
-3.310823 -82.863632 
-3.203366 -82.663094 
-3.020471 -82.529671 
-2.907248 -82.348969 
-2.778872 -82.119804 
-2.670903 -81.860695 
-2.583778 -81.645638 
-2.470140 -81.322014 
-2.407455 -81.124542 
-2.309656 -80.953087 
-2.215238 -80.775230 
-2.098274 -80.569489 
-1.934898 -80.340858 
-1.899781 -80.059158 
-1.825134 -79.806213 
-1.736498 -79.490601 
-1.652496 -79.283745 
-1.571421 -79.076309 
-1.452992 -78.808540 
-1.367828 -78.584946 
-1.323411 -78.385132 
-1.266909 -78.128174 
-1.250093 -77.879227 
-1.183025 -77.681854 
-1.185364 -77.516693 
-1.147590 -77.259689 
-1.141416 -77.055031 
-1.148319 -76.849297 
-1.092171 -76.452049 
-1.004329 -76.228386 
-0.994966 -75.958130 
-0.937136 -75.601639 
-1.038248 -75.381836 
-1.004847 -75.174400 
-1.021672 -74.852051 
-1.016153 -74.658661 
-0.875955 -74.352257 
-0.911231 -74.164337 
-0.894919 -73.915367 
-0.880201 -73.541122 
-0.890895 -73.344543 
-0.901872 -73.112778 
-0.905726 -72.895920 
-0.790323 -72.441269 
-0.792528 -72.180229 
-0.775175 -71.977097 
-0.772044 -71.753273 
-0.726969 -71.311020 
-0.747383 -71.060257 
-0.770279 -70.802299 
-0.752225 -70.551735 
-0.757959 -70.049232 
-0.774092 -69.783150 
-0.757661 -69.459702 
-0.696138 -68.984673 
-0.693938 -68.634529 
-0.710231 -68.391792 
-0.695156 -68.095825 
-0.707867 -67.858887 
-0.710439 -67.582573 
-0.633335 -67.240891 
-0.641304 -66.977791 
-0.628179 -66.673340 
-0.644572 -66.261482 
-0.679633 -65.978065 
-0.716002 -65.694984 
-0.688366 -65.243469 
-0.697246 -64.929359 
-0.690308 -64.590195 
-0.614303 -64.160240 
-0.575567 -63.840958 
-0.579514 -63.552376 
-0.594051 -63.257103 
-0.565497 -62.899380 
-0.589980 -62.649284 
-0.576849 -62.387676 
-0.572322 -62.133747 
-0.599266 -61.713802 
-0.605005 -61.435417 
-0.611255 -61.156574 
-0.616356 -60.872452 
-0.598494 -60.382950 
-0.603374 -60.071590 
-0.620050 -59.783634 
-0.612597 -59.493668 
-0.585119 -58.978531 
-0.585553 -58.709015 
-0.586973 -58.439674 
-0.592499 -58.161884 
-0.553088 -57.718948 
-0.555616 -57.440022 
-0.546477 -57.182232 
-0.529322 -56.940464 
-0.494504 -56.452686 
-0.489730 -56.153568 
-0.494574 -55.855583 
-0.493944 -55.543011 
-0.527811 -55.020908 
-0.533311 -54.720634 
-0.558723 -54.430096 
-0.557266 -53.995411 
-0.541593 -53.678474 
-0.528809 -53.410400 
-0.519448 -53.086071 
-0.512065 -52.773808 
-0.517076 -52.477020 
-0.525695 -52.174206 
-0.488875 -51.801571 
-0.483377 -51.527088 
-0.508886 -51.215080 
-0.508173 -50.889633 
-0.497541 -50.547920 
-0.496982 -50.232395 
-0.524399 -49.906857 
-0.494664 -49.604603 
-0.491347 -49.347431 
-0.469889 -49.003937 
-0.473401 -48.752983 
-0.450682 -48.444538 
-0.460531 -48.107479 
-0.405249 -47.695396 
-0.382051 -47.330860 
-0.370357 -47.028183 
-0.359551 -46.700100 
-0.323686 -46.184273 
-0.335398 -45.859802 
-0.315329 -45.522278 
-0.301740 -45.172543 
-0.270580 -44.816441 
-0.265664 -44.470421 
-0.269352 -44.094440 
-0.284350 -43.819145 
-0.320607 -43.488998 
-0.333833 -43.195686 
-0.340696 -42.937328 
-0.347475 -42.679070 
-0.321166 -42.470955 
-0.300940 -42.128353 
-0.302842 -41.769398 
-0.300863 -41.438122 
-0.254707 -40.889301 
-0.261731 -40.581367 
-0.275592 -40.273529 
-0.293323 -39.910858 
-0.259417 -39.428051 
-0.253308 -39.135746 
-0.261140 -38.780678 
-0.278202 -38.436825 
-0.203152 -38.048527 
-0.188728 -37.716656 
-0.205616 -37.406178 
-0.190159 -37.062870 
-0.104681 -36.745220 
-0.079728 -36.474979 
-0.076425 -36.182194 
-0.056570 -35.882805 
-0.102894 -35.547874 
-0.084397 -35.269009 
-0.115001 -35.038292 
-0.117882 -34.707207 
-0.177561 -34.345234 
-0.178755 -33.970470 
-0.173064 -33.668137 
-0.164602 -33.367416 
-0.068284 -32.894917 
-0.058008 -32.574692 
-0.049671 -32.254448 
-0.095829 -31.911047 
-0.128608 -31.622366 
-0.146193 -31.329735 
-0.218306 -30.888466 
-0.248322 -30.545439 
-0.163210 -30.240284 
-0.184109 -29.994404 
-0.148478 -29.679359 
-0.186914 -29.388964 
-0.042445 -29.144028 
-0.045489 -28.827087 
-0.058436 -28.551186 
-0.020356 -28.324078 
0.016092 -28.097542 
0.037739 -27.746000 
0.026716 -27.435152 
0.014052 -27.124334 
0.010533 -26.817326 
0.031168 -26.321171 
0.047088 -26.050779 
0.076136 -25.756123 
0.104375 -25.461603 
0.128325 -25.041782 
0.107464 -24.786650 
0.088313 -24.530935 
0.078872 -24.290167 
0.048593 -23.891302 
0.085794 -23.609907 
0.066408 -23.350441 
0.047746 -23.111744 
0.075474 -22.672014 
0.052592 -22.410442 
0.097713 -22.129829 
0.142535 -21.849800 
0.135357 -21.420965 
0.133706 -21.133596 
0.162086 -20.841879 
0.130427 -20.583971 
0.068937 -20.068111 
0.050032 -19.725725 
0.056294 -19.419611 
0.039768 -19.133251 
0.031426 -18.698679 
0.022212 -18.419170 
0.038419 -18.143753 
0.042371 -17.918339 
0.007742 -17.668789 
0.034581 -17.379648 
0.040886 -17.165751 
0.034400 -16.675533 
0.023195 -16.422552 
0.028527 -16.082827 
-0.019134 -15.717896 
-0.018864 -15.455620 
-0.030701 -15.206104 
-0.037679 -14.933499 
-0.049578 -14.463612 
-0.074635 -14.189311 
-0.086908 -13.873837 
-0.106448 -13.558993 
-0.063343 -12.976793 
-0.090150 -12.660703 
-0.093106 -12.391615 
-0.120300 -12.123159 
-0.068438 -11.864388 
-0.080280 -11.627666 
-0.091737 -11.391425 
-0.079650 -11.157481 
-0.093426 -10.928531 
-0.042895 -10.696646 
-0.060620 -10.379236 
-0.059087 -10.188667 
-0.084106 -9.914514 
-0.031235 -9.637739 
-0.048363 -8.975841 
-0.076419 -8.737936 
-0.068253 -8.548184 
-0.084841 -8.318819 
-0.078213 -7.833312 
-0.063990 -7.560148 
-0.058229 -7.344332 
-0.052872 -7.122227 
0.002838 -6.634200 
0.007764 -6.413305 
-0.002918 -6.197742 
-0.016751 -5.979241 
-0.008524 -5.586085 
0.002574 -5.390577 
-0.018182 -5.191761 
-0.038481 -4.993141 
-0.000521 -4.562361 
-0.012694 -4.344432 
-0.041975 -4.128402 
-0.025236 -3.949026 
0.007807 -3.565625 
0.017647 -3.354932 
0.025388 -3.171957 
0.052537 -3.005810 
0.056628 -2.805036 
0.053054 -2.699328 
0.039761 -2.532249 
0.038718 -2.398383 
0.028091 -2.130215 
0.021889 -1.951350 
0.011027 -1.799291 
0.014071 -1.651700 
0.031418 -1.241565 
0.031836 -1.101313 
0.033186 -0.961044 
0.037784 -0.783911 
0.045339 -0.533575 
0.061705 -0.411014 
0.077760 -0.289776 
0.093759 -0.169002 
0.120515 0.155230 
0.102514 0.311629 
0.100480 0.418740 
0.099030 0.526491 
0.073721 0.849068 
0.090551 0.969014 
0.107871 1.089460 
0.122311 1.257447 
0.162743 1.561283 
0.166269 1.796153 
0.165476 1.943387 
0.165373 2.091058 
0.172425 2.425672 
0.208763 2.555925 
0.250782 2.686478 
0.251004 2.792369 
0.332514 2.933341 
0.368386 3.100579 
0.407278 3.248189 
0.465877 3.394617 
0.529220 3.680673 
0.587570 3.841085 
0.639445 3.962870 
0.696897 4.073439 
0.814003 4.249733 
0.895300 4.413905 
0.973917 4.512382 
1.077486 4.644940 
1.161741 4.807013 
1.242373 4.944898 
1.328140 5.047913 
1.428288 5.146505 
1.513332 5.246004 
1.641827 5.322173 
1.789114 5.386750 
1.900069 5.475278 
2.061506 5.578994 
2.172272 5.670655 
2.339880 5.749220 
2.472882 5.910456 
2.613443 6.193872 
2.779627 6.430251 
2.903282 6.571415 
3.077949 6.694620 
3.408302 6.653511 
3.578447 6.678857 
3.753933 6.704211 
3.933340 6.728325 
4.203721 6.539098 
4.374614 6.545585 
4.553255 6.560122 
4.716209 6.548946 
4.925475 6.777350 
5.038190 6.883047 
5.217791 6.904943 
5.393130 6.899966 
5.612829 7.162194 
5.833697 7.176309 
6.006824 7.230871 
6.213459 7.272507 
6.433858 7.160998 
6.627733 7.166590 
6.770313 7.234424 
6.936076 7.270481 
7.026739 7.244585 
7.197075 7.292267 
7.342097 7.302702 
7.520516 7.385823 
7.730097 7.251177 
7.875026 7.250506 
8.020107 7.161705 
8.169994 7.038759 
8.335052 6.855269 
8.488379 6.783277 
8.630924 6.765282 
8.760913 6.724421 
8.917603 6.842805 
9.062108 6.767994 
9.230764 6.681236 
9.335032 6.570311 
9.517033 6.520332 
9.643284 6.414078 
9.774574 6.380380 
9.893077 6.198019 
10.053608 6.188482 
10.144318 6.130101 
10.239625 6.005766 
10.353244 5.929359 
10.443717 5.846140 
10.481003 5.825733 
10.553493 5.786226 
10.669674 5.714115 
10.762503 5.578300 
10.862952 5.466801 
11.009822 5.385326 
11.138152 5.198580 
11.245658 4.878547 
11.362637 4.774324 
11.511353 4.563022 
11.655590 4.396659 
11.656638 4.185329 
11.766739 3.975864 
11.865399 3.745653 
12.010131 3.576794 
12.031966 3.292381 
12.130140 3.075783 
12.223275 2.767012 
12.275203 2.456986 
12.404091 2.152951 
12.360392 1.779971 
12.398040 1.437342 
12.422625 1.192222 
12.367878 1.034851 
12.395374 0.723380 
12.357546 0.437468 
12.414479 0.184112 
12.469203 0.103253 
12.487866 -0.140315 
12.512040 -0.394070 
12.578889 -0.623894 
12.671547 -0.862249 
12.639055 -1.113908 
12.642541 -1.308364 
12.648262 -1.558519 
12.528336 -1.842853 
12.514479 -2.108850 
12.505620 -2.405114 
12.460555 -2.646476 
12.348216 -3.075496 
12.321377 -3.342544 
12.287374 -3.631136 
12.290431 -3.927015 
12.379554 -4.245684 
12.369047 -4.501274 
12.360296 -4.746886 
12.379290 -5.015664 
12.371675 -5.288482 
12.292358 -5.578772 
12.258434 -5.938741 
12.221421 -6.232769 
12.200191 -6.479407 
12.189929 -6.815438 
12.320127 -7.198973 
12.292818 -7.462171 
12.255201 -7.725095 
12.231346 -7.949997 
12.356926 -8.336164 
12.328948 -8.620490 
12.281105 -8.910359 
12.248852 -9.235332 
12.317639 -9.745127 
12.302176 -9.987756 
12.267545 -10.230699 
12.204155 -10.539307 
12.216892 -10.969717 
12.144380 -11.278445 
12.124789 -11.527737 
12.156569 -11.851131 
12.338643 -12.416303 
12.368165 -12.781051 
12.353894 -13.065628 
12.340178 -13.350587 
12.308822 -13.822348 
12.338423 -14.139331 
12.344838 -14.377682 
12.336750 -14.705736 
12.208838 -14.995131 
12.245916 -15.264217 
12.251091 -15.589895 
12.243114 -15.830890 
12.157320 -16.276371 
12.039313 -16.587273 
12.065395 -16.890022 
12.064979 -17.189198 
12.100564 -17.800262 
12.097255 -18.054510 
12.164138 -18.342218 
12.204786 -18.562668 
12.271458 -18.955420 
12.250424 -19.183773 
12.260734 -19.490419 
12.272877 -19.789711 
12.121630 -20.433569 
12.125756 -20.788624 
12.166791 -21.102087 
12.195077 -21.463127 
12.081198 -21.916908 
12.198883 -22.223051 
12.153574 -22.501253 
12.215578 -22.830206 
12.155065 -23.095762 
12.179076 -23.353912 
12.241074 -23.665775 
12.272751 -24.002499 
12.145180 -24.500162 
12.153122 -24.869246 
12.227744 -25.220831 
12.218887 -25.537123 
12.035271 -26.025339 
12.023794 -26.374928 
12.012020 -26.722569 
12.061646 -27.027065 
11.975795 -27.361116 
11.962498 -27.653023 
11.994669 -27.958557 
12.044043 -28.189854 
11.998975 -28.518953 
12.020761 -28.824070 
12.109192 -29.128788 
12.112995 -29.445940 
11.990128 -29.902670 
12.019477 -30.154751 
12.066813 -30.443752 
12.099143 -30.687033 
11.951341 -31.058294 
11.986956 -31.334921 
11.984385 -31.589014 
11.975606 -31.827854 
11.870814 -32.350655 
11.782198 -32.666550 
11.805231 -32.955254 
11.864305 -33.207199 
11.898881 -33.638317 
11.926460 -33.884888 
11.953306 -34.160069 
11.922050 -34.413475 
11.917862 -34.671265 
11.902748 -34.890911 
11.900233 -35.094772 
11.808366 -35.419888 
11.762427 -35.661213 
11.783794 -35.942547 
11.810602 -36.170071 
11.760851 -36.473553 
11.859135 -36.653347 
11.817581 -36.896961 
11.870685 -37.163406 
11.876667 -37.350399 
11.944528 -37.513515 
11.890936 -37.859570 
11.849120 -38.074608 
11.852063 -38.287907 
11.737665 -38.566387 
11.735100 -38.716286 
11.736045 -38.866592 
11.684996 -39.043453 
11.716047 -39.243374 
11.741098 -39.418545 
11.766785 -39.578648 
11.809553 -39.745041 
11.945973 -39.994038 
12.003668 -40.081654 
12.052833 -40.228081 
12.103379 -40.373302 
11.992733 -40.487926 
12.011455 -40.613949 
11.992680 -40.784275 
12.011230 -40.893883 
11.931251 -41.043915 
11.969063 -41.134495 
12.007296 -41.224751 
12.035470 -41.330193 
12.085666 -41.431934 
12.227097 -41.510117 
12.232931 -41.612965 
12.241067 -41.725773 
12.277593 -41.895954 
12.305874 -42.012817 
12.339543 -42.135567 
12.358493 -42.244831 
12.490342 -42.329369 
12.525083 -42.396828 
12.546382 -42.506115 
12.621001 -42.569843 
12.763239 -42.657738 
12.824658 -42.719578 
12.888881 -42.773640 
12.966626 -42.835869 
13.126682 -43.026844 
13.171422 -43.081856 
13.204243 -43.166370 
13.276879 -43.225670 
13.320289 -43.300533 
13.441767 -43.388889 
13.525358 -43.430325 
13.539038 -43.460964 
13.759608 -43.500458 
13.859241 -43.490219 
13.932406 -43.528854 
13.989676 -43.562244 
14.206808 -43.632805 
14.251943 -43.669369 
14.322430 -43.686131 
14.357052 -43.706249 
14.394857 -43.788372 
14.451511 -43.803303 
14.519545 -43.829151 
14.564342 -43.836380 
14.671129 -43.876568 
14.690441 -43.871780 
14.694862 -43.879524 
14.701493 -43.866928 
14.703726 -43.858135 
14.710605 -43.840160 
14.673989 -43.818790 
14.656177 -43.818493 
14.648787 -43.884975 
14.636212 -43.910007 
14.625381 -43.866516 
14.606214 -43.886772 
14.639115 -43.873909 
14.628421 -43.883705 
14.580972 -43.874168 
14.656678 -43.888058 
14.632010 -43.880798 
14.605316 -43.893242 
14.669797 -43.854546 
14.655873 -43.848759 
14.641890 -43.842995 
14.618479 -43.803577 
14.638809 -43.769093 
14.634299 -43.774483 
14.632576 -43.748657 
14.621330 -43.803139 
14.585635 -43.794792 
14.570064 -43.765141 
14.537624 -43.731976 
14.509218 -43.717224 
14.497740 -43.713703 
14.484765 -43.708923 
14.470952 -43.712975 
14.453556 -43.709549 
14.441867 -43.698856 
14.426568 -43.722549 
14.418876 -43.670246 
14.372953 -43.665207 
14.362191 -43.658459 
14.368819 -43.640656 
14.351057 -43.631058 
14.314154 -43.593464 
14.318705 -43.571304 
14.279807 -43.540703 
14.248034 -43.557510 
14.234187 -43.558815 
14.206558 -43.550350 
14.178954 -43.528316 
14.151039 -43.506435 
14.129458 -43.482864 
14.110316 -43.363068 
14.037868 -43.322197 
14.034594 -43.310062 
14.031323 -43.294991 
13.986941 -43.253159 
13.941938 -43.210228 
13.981902 -43.150166 
13.966231 -43.083847 
13.923775 -43.071846 
13.903530 -43.009560 
13.828528 -42.975746 
13.772906 -42.925514 
13.760430 -42.857689 
13.704805 -42.820057 
13.656487 -42.795731 
13.458991 -42.770100 
13.415709 -42.718449 
13.349700 -42.741516 
13.338144 -42.709473 
13.323918 -42.676552 
13.244390 -42.745441 
13.228241 -42.731567 
13.216548 -42.711189 
13.171650 -42.691212 
12.965678 -42.603710 
12.918592 -42.590897 
12.896654 -42.604694 
12.838133 -42.575729 
12.799413 -42.506435 
12.763276 -42.490726 
12.726934 -42.474754 
12.666926 -42.442257 
12.603756 -42.405918 
12.573704 -42.389324 
12.440513 -42.394550 
12.420541 -42.365673 
12.365019 -42.365459 
12.359498 -42.390594 
12.330261 -42.382870 
12.305796 -42.375706 
12.288620 -42.387421 
12.277178 -42.407700 
12.289857 -42.381664 
12.298280 -42.376434 
12.287695 -42.420113 
12.244556 -42.363937 
12.243301 -42.325916 
12.192586 -42.359814 
12.188520 -42.359749 
12.093857 -42.432964 
12.105289 -42.425430 
12.178451 -42.452293 
12.172808 -42.388783 
12.154865 -42.345013 
12.134518 -42.397724 
12.157457 -42.396889 
12.089347 -42.311977 
12.097297 -42.327469 
12.093499 -42.323425 
12.038200 -42.344543 
12.066493 -42.348854 
12.058003 -42.320057 
12.069588 -42.322937 
12.054395 -42.308617 
12.062514 -42.293587 
12.043622 -42.304607 
12.024709 -42.278248 
11.865935 -42.347710 
11.844348 -42.349834 
11.802319 -42.362114 
11.777881 -42.371830 
11.717199 -42.387928 
11.647358 -42.354191 
11.539798 -42.345879 
11.517195 -42.380535 
11.469012 -42.364956 
11.411874 -42.310513 
11.360787 -42.295635 
11.312758 -42.322830 
11.290262 -42.295853 
11.251256 -42.278873 
11.168632 -42.276672 
11.112655 -42.293381 
11.040056 -42.326721 
10.812048 -42.287498 
10.806463 -42.311813 
10.692915 -42.293365 
10.640611 -42.296425 
10.582963 -42.258419 
10.547626 -42.278328 
10.409031 -42.212990 
10.311772 -42.195057 
10.251364 -42.240147 
10.075791 -42.218399 
10.017087 -42.230953 
9.962095 -42.250500 
9.911712 -42.283348 
9.872123 -42.238701 
9.795971 -42.213978 
9.778825 -42.195824 
9.744781 -42.087021 
9.667055 -42.087368 
9.589051 -42.088356 
9.501248 -42.087353 
9.330003 -42.163059 
9.222260 -42.147285 
9.156521 -42.179493 
9.089962 -42.211887 
9.034033 -42.234581 
8.970340 -42.231056 
8.895544 -42.227497 
8.809451 -42.231331 
8.742114 -42.132103 
8.699736 -42.159073 
8.659986 -42.155846 
8.598980 -42.141232 
8.615817 -42.103397 
8.543918 -42.093670 
8.491155 -42.109634 
8.430307 -42.123489 
8.350082 -42.100624 
8.292825 -42.090878 
8.228056 -42.100079 
8.234463 -42.096207 
8.172731 -42.094849 
8.104385 -42.081985 
8.060199 -42.039745 
7.988585 -42.024609 
7.889918 -42.008087 
7.830816 -42.008739 
7.789008 -41.970783 
7.686355 -41.973125 
7.639874 -42.033581 
7.551957 -42.056026 
7.520898 -42.053894 
7.451217 -42.110031 
7.383726 -42.125877 
7.319525 -42.116501 
7.252965 -42.161667 
7.220236 -42.167862 
7.200801 -42.083607 
7.116733 -42.089661 
7.089353 -42.097378 
7.055100 -42.113640 
7.055570 -42.075417 
7.029883 -42.030148 
6.982467 -42.030525 
6.957388 -42.070984 
6.931279 -42.037769 
6.896407 -42.021267 
6.889281 -42.033508 
6.854754 -42.047276 
6.868910 -42.045429 
6.837782 -42.013565 
6.820945 -42.011757 
6.804360 -42.009853 
6.833544 -41.979946 
6.822222 -41.974651 
6.789378 -41.986320 
6.804116 -42.024807 
6.787309 -42.039398 
6.753768 -42.023418 
6.746545 -42.033630 
6.722554 -41.985695 
6.706482 -41.991829 
6.675386 -41.992626 
6.660798 -41.956451 
6.627068 -41.948078 
6.617840 -41.971897 
6.578897 -41.989166 
6.633737 -42.029156 
6.605551 -42.058189 
6.595860 -42.050156 
6.604143 -42.034344 
6.581038 -42.024330 
6.567214 -42.031940 
6.546356 -42.011715 
6.528243 -42.021904 
6.515532 -42.017479 
6.508881 -42.014484 
6.520413 -42.003826 
6.521117 -41.988174 
6.475594 -42.003250 
6.510334 -42.002010 
6.523838 -42.025757 
6.522459 -41.998600 
6.573832 -41.976089 
6.563213 -41.982971 
6.551929 -41.982018 
6.550107 -41.956070 
6.541418 -41.980286 
6.575602 -42.029781 
6.582961 -41.987499 
6.593891 -41.977257 
6.598945 -41.987904 
6.595788 -41.978016 
6.592585 -41.973568 
6.536014 -41.983810 
6.535187 -41.986732 
6.538772 -41.979042 
6.523291 -41.935059 
6.522689 -41.956951 
6.522848 -41.969955 
6.506297 -41.980892 
6.524414 -42.011032 
6.524251 -42.004700 
6.523978 -41.997799 
6.526021 -41.985195 
6.543958 -41.955517 
6.546001 -41.942822 
6.547086 -41.919498 
6.555910 -41.922302 
6.539845 -41.950481 
6.542973 -41.946678 
6.532983 -41.979267 
6.524364 -41.955894 
6.534310 -41.907211 
6.531410 -41.914173 
6.524127 -41.933140 
6.515248 -41.942982 
6.506693 -41.952694 
6.515391 -41.982685 
6.530319 -42.028999 
6.507071 -42.014580 
6.509454 -42.029182 
6.503222 -42.019760 
6.507638 -41.951828 
6.528847 -41.966969 
6.540515 -41.947094 
6.624668 -41.970425 
6.648302 -41.965782 
6.667630 -41.974850 
6.725880 -41.922642 
6.747361 -41.913540 
6.740558 -41.845745 
6.776191 -41.902374 
6.820013 -41.873425 
6.865754 -41.889713 
6.912063 -41.891621 
6.955466 -41.896595 
6.996171 -41.994228 
7.100651 -42.066082 
7.133877 -42.095898 
7.178897 -42.078262 
7.256759 -42.072025 
7.326724 -42.083515 
7.403904 -42.108376 
7.445162 -42.124859 
7.514097 -42.172829 
7.577462 -42.224499 
7.628531 -42.226501 
7.718101 -42.272068 
7.813481 -42.297367 
7.929892 -42.315388 
7.975541 -42.333607 
8.098464 -42.327614 
8.225348 -42.226620 
8.333147 -42.258419 
8.469459 -42.274422 
8.546857 -42.292400 
8.635895 -42.285458 
8.666073 -42.329197 
8.734224 -42.334610 
8.843395 -42.373577 
8.836200 -42.485500 
8.935324 -42.490219 
9.025993 -42.517227 
9.093276 -42.555576 
9.256170 -42.652679 
9.356914 -42.693504 
9.432014 -42.703365 
9.498391 -42.727718 
9.677902 -42.738338 
9.781952 -42.760746 
9.885908 -42.782948 
10.122240 -42.793476 
10.201426 -42.802086 
10.307675 -42.788746 
10.420495 -42.810596 
10.586368 -42.821510 
10.701070 -42.835545 
10.804235 -42.834129 
11.056500 -42.932957 
11.152463 -42.964893 
11.261897 -43.001667 
11.393076 -43.036766 
11.474648 -43.116516 
11.604209 -43.158665 
11.704382 -43.139702 
11.770432 -43.161716 
11.955125 -43.190655 
12.126470 -43.195541 
12.277277 -43.176598 
12.406021 -43.173431 
12.748689 -43.167259 
12.858619 -43.188938 
12.967808 -43.191662 
13.096145 -43.185493 
13.218651 -43.287891 
13.349612 -43.285587 
13.487671 -43.283226 
13.586039 -43.288799 
13.771282 -43.345314 
13.869586 -43.378380 
13.953486 -43.386246 
14.018677 -43.400959 
14.124388 -43.431507 
14.216889 -43.422695 
14.298778 -43.428204 
14.378509 -43.389149 
14.584208 -43.274490 
14.646930 -43.311901 
14.714079 -43.291164 
14.791876 -43.269650 
14.981952 -43.350452 
15.116609 -43.339474 
15.231122 -43.363209 
15.337019 -43.354683 
15.480423 -43.372971 
15.640348 -43.334568 
15.676449 -43.259220 
15.709751 -43.289604 
15.812597 -43.333611 
15.863419 -43.244732 
15.972464 -43.365284 
16.028152 -43.322601 
16.076639 -43.313560 
16.128862 -43.298996 
16.203585 -43.393635 
16.265266 -43.354572 
16.301466 -43.349140 
16.375761 -43.314693 
16.458439 -43.360703 
16.457018 -43.324009 
16.486931 -43.299755 
16.512047 -43.290623 
16.539963 -43.292053 
16.615366 -43.397049 
16.641886 -43.417759 
16.687304 -43.464230 
16.827972 -43.538139 
16.877939 -43.570408 
16.894449 -43.542824 
16.910887 -43.515949 
16.973093 -43.428944 
16.977442 -43.394539 
16.989794 -43.359127 
17.049448 -43.395096 
17.059711 -43.388500 
17.035545 -43.366386 
17.007841 -43.342381 
17.058750 -43.377995 
17.023754 -43.403034 
17.023367 -43.302078 
16.985281 -43.310062 
16.984579 -43.286160 
16.958584 -43.311054 
16.926365 -43.341663 
16.923973 -43.330025 
16.969198 -43.468548 
16.990818 -43.453178 
16.996998 -43.456917 
17.077995 -43.486225 
17.057095 -43.453003 
17.069801 -43.441299 
17.071327 -43.467945 
17.067110 -43.477737 
17.058704 -43.503578 
17.040960 -43.541973 
17.039949 -43.558563 
17.050259 -43.583111 
17.068460 -43.553833 
17.027161 -43.506111 
17.029840 -43.437347 
17.026449 -43.394272 
17.054098 -43.361240 
17.057377 -43.366451 
17.077927 -43.336185 
17.069555 -43.338154 
17.050392 -43.337742 
17.070892 -43.426323 
17.054682 -43.393799 
17.066965 -43.397762 
17.067900 -43.423489 
17.081438 -43.423790 
17.075960 -43.442451 
17.078030 -43.400127 
17.112926 -43.390163 
17.053656 -43.443020 
17.044342 -43.400375 
17.053022 -43.400764 
17.079409 -43.394737 
17.102064 -43.382431 
17.097834 -43.434799 
17.094271 -43.456635 
17.089897 -43.478615 
17.056145 -43.446693 
17.109550 -43.442875 
17.058907 -43.441605 
17.038588 -43.368561 
17.035717 -43.371536 
17.038666 -43.377987 
16.993399 -43.409687 
16.958126 -43.380249 
16.956768 -43.378086 
16.924877 -43.387978 
16.908573 -43.371765 
16.947096 -43.384880 
16.926405 -43.364552 
16.873266 -43.378605 
16.864597 -43.373043 
16.864841 -43.313675 
16.820318 -43.283440 
16.781399 -43.282475 
16.655365 -43.304737 
16.658169 -43.286434 
16.625937 -43.245449 
16.596264 -43.206711 
16.565189 -43.309525 
16.539541 -43.316963 
16.539574 -43.277302 
16.468784 -43.287624 
16.442726 -43.380295 
16.417732 -43.326569 
16.384007 -43.309544 
16.311668 -43.275684 
16.257929 -43.248947 
16.176983 -43.251381 
16.123438 -43.237316 
16.058516 -43.213879 
16.015083 -43.210434 
15.850885 -43.277813 
15.783040 -43.268456 
15.699280 -43.272297 
15.577353 -43.315357 
15.482806 -43.326942 
15.427823 -43.328476 
15.373000 -43.330151 
15.271183 -43.328899 
15.187503 -43.339184 
15.105947 -43.365238 
15.012875 -43.378422 
14.891594 -43.477200 
14.783478 -43.471874 
14.770381 -43.449722 
14.690200 -43.473660 
14.609916 -43.497890 
14.519861 -43.409019 
14.465609 -43.484360 
14.368302 -43.508148 
14.199330 -43.578884 
14.153897 -43.624081 
14.078453 -43.665508 
13.999274 -43.697964 
13.857553 -43.715538 
13.784190 -43.727798 
13.689253 -43.735340 
13.631419 -43.746120 
13.496367 -43.723824 
13.464872 -43.754078 
13.397320 -43.781536 
13.385732 -43.791557 
13.280097 -43.848850 
13.226962 -43.867897 
13.189488 -43.857040 
13.143666 -43.869595 
12.962001 -43.899860 
12.905240 -43.937416 
12.843858 -43.961521 
12.805559 -43.992298 
12.686714 -44.069771 
12.666731 -44.081493 
12.649891 -44.107059 
12.627896 -44.133171 
12.578091 -44.110783 
12.515076 -44.081032 
12.502127 -44.121254 
12.491044 -44.160831 
12.281509 -44.169342 
12.196688 -44.211773 
12.183915 -44.229038 
12.104443 -44.234535 
11.935991 -44.273022 
11.863492 -44.310036 
11.817379 -44.306355 
11.758826 -44.362103 
11.654683 -44.364273 
11.577184 -44.367386 
11.539400 -44.377880 
11.478547 -44.402271 
11.426082 -44.427841 
11.260728 -44.466728 
11.206234 -44.474731 
11.004996 -44.493488 
10.946583 -44.513443 
10.852129 -44.554676 
10.749161 -44.571445 
10.640335 -44.603130 
10.548800 -44.625111 
10.431091 -44.672054 
10.276592 -44.708729 
10.154154 -44.722733 
10.076585 -44.760353 
9.969063 -44.762341 
9.865869 -44.735641 
9.759837 -44.771950 
9.653461 -44.808952 
9.533672 -44.859539 
9.480990 -44.900917 
9.392441 -44.939682 
9.296968 -44.975830 
9.211270 -45.045097 
9.128956 -45.071381 
9.038715 -45.144196 
8.981554 -45.160454 
8.946903 -45.216816 
8.856456 -45.171402 
8.776392 -45.210213 
8.738968 -45.242691 
8.658510 -45.274670 
8.576613 -45.200336 
8.522193 -45.193180 
8.486944 -45.218304 
8.452682 -45.244839 
8.360221 -45.134876 
8.319413 -45.191422 
8.275179 -45.199104 
8.222583 -45.221966 
8.111625 -45.255749 
8.078128 -45.244568 
8.014382 -45.221638 
7.973102 -45.264717 
7.916091 -45.208160 
7.876645 -45.239235 
7.801076 -45.234955 
7.697166 -45.298294 
7.666494 -45.306183 
7.581390 -45.327229 
7.536091 -45.339851 
7.422590 -45.287601 
7.381357 -45.271973 
7.333503 -45.273411 
7.327747 -45.168724 
7.279366 -45.124706 
7.204572 -45.115490 
7.118743 -45.081165 
7.045684 -45.111443 
7.004251 -45.128620 
6.982622 -45.107784 
6.925078 -45.102615 
6.941033 -45.153660 
6.893806 -45.156738 
6.848995 -45.151787 
6.802608 -45.144203 
6.772481 -45.129391 
6.736614 -45.124107 
6.700200 -45.135654 
6.652170 -45.149090 
6.644441 -45.186878 
6.641865 -45.161102 
6.620202 -45.195808 
6.606678 -45.186382 
6.609508 -45.226917 
6.609535 -45.199181 
6.583095 -45.210239 
6.582952 -45.212475 
6.566606 -45.229168 
6.579009 -45.219627 
6.576388 -45.236458 
6.572320 -45.250462 
6.560103 -45.252029 
6.547976 -45.254509 
6.558824 -45.222641 
6.554820 -45.209072 
6.552217 -45.221661 
6.572291 -45.194839 
6.573036 -45.205467 
6.586721 -45.200344 
6.598459 -45.200153 
6.578466 -45.204178 
6.594695 -45.217663 
6.604249 -45.235008 
6.581700 -45.233879 
6.573276 -45.256218 
6.561656 -45.232162 
6.545125 -45.212509 
6.524572 -45.171417 
6.510406 -45.197044 
6.511943 -45.181725 
6.495371 -45.188854 
6.528286 -45.204376 
6.536682 -45.199997 
6.545119 -45.196056 
6.577188 -45.176075 
6.578343 -45.197407 
6.579865 -45.217972 
6.577496 -45.200249 
6.566138 -45.223602 
6.588590 -45.202843 
6.587695 -45.193970 
6.569443 -45.159824 
6.554129 -45.191566 
6.509178 -45.212467 
6.472542 -45.237926 
6.490541 -45.234596 
6.500717 -45.223312 
6.496949 -45.186356 
6.501111 -45.213326 
6.514209 -45.171474 
6.587003 -45.172977 
6.569810 -45.182152 
6.585468 -45.182087 
6.601450 -45.182346 
6.596802 -45.169373 
6.628097 -45.174240 
6.681950 -45.185398 
6.760300 -45.186832 
6.809203 -45.192230 
6.868752 -45.168671 
6.943395 -45.174446 
7.026619 -45.169861 
7.098074 -45.142433 
7.179699 -45.083878 
7.261920 -45.095490 
7.333708 -45.100075 
7.385621 -45.113419 
7.562312 -45.134792 
7.666875 -45.124249 
7.748839 -45.096233 
7.785899 -45.058247 
7.881719 -44.997261 
8.079568 -44.898109 
8.161365 -44.849113 
8.251530 -44.842037 
8.425228 -44.717308 
8.477319 -44.693039 
8.618041 -44.631008 
8.713129 -44.581829 
8.815018 -44.535412 
8.935478 -44.449329 
9.037730 -44.296379 
9.165750 -44.232841 
9.327723 -44.086662 
9.443850 -44.003689 
9.538681 -43.878777 
9.684834 -43.757401 
9.836347 -43.690777 
9.942933 -43.610722 
10.016645 -43.497444 
10.177258 -43.382923 
10.274538 -43.251122 
10.487477 -43.174606 
10.616614 -43.067661 
10.718789 -42.968060 
10.894311 -42.904129 
10.988465 -42.833145 
11.132071 -42.714752 
11.271763 -42.588589 
11.390860 -42.467026 
11.496790 -42.315170 
11.606667 -42.145454 
11.776721 -42.017727 
11.893865 -41.893803 
12.001300 -41.790546 
12.188576 -41.645027 
12.324636 -41.573128 
12.471622 -41.590717 
12.621321 -41.517578 
12.777442 -41.472103 
12.948822 -41.399559 
13.096651 -41.333855 
13.244915 -41.352436 
13.390867 -41.333145 
13.522071 -41.289562 
13.670113 -41.228405 
13.797691 -41.197571 
13.975486 -41.128571 
14.109551 -41.064110 
14.233441 -41.003124 
14.371568 -40.940712 
14.523124 -40.875771 
14.645476 -40.874405 
14.838635 -40.927792 
15.032929 -40.900234 
15.100949 -40.864704 
15.228138 -40.889057 
15.424611 -40.829205 
15.521732 -40.876152 
15.639980 -40.907730 
15.713515 -40.915283 
15.787479 -40.957577 
15.875731 -40.999420 
15.920144 -41.014164 
15.906292 -40.988651 
15.954659 -40.887108 
15.987353 -40.890877 
16.060001 -40.885303 
16.086666 -40.894871 
16.128927 -40.897484 
16.287920 -40.940674 
16.306349 -40.939651 
16.327112 -40.943920 
16.396587 -40.964504 
16.424847 -40.917549 
16.436653 -40.920452 
16.446005 -40.899990 
16.532484 -40.909161 
16.533333 -40.895885 
16.535086 -40.920456 
16.580301 -40.919346 
16.638573 -40.978928 
16.651546 -41.022907 
16.664734 -41.066746 
16.667593 -41.073109 
16.738567 -41.091541 
16.749405 -41.078342 
16.786657 -41.078876 
16.819534 -41.079433 
16.905718 -40.994160 
16.908930 -40.981926 
16.912689 -40.964512 
16.871248 -41.010902 
16.841360 -41.017155 
16.840975 -40.975300 
16.807344 -41.005669 
16.794636 -41.020901 
16.782032 -41.036369 
16.795732 -41.039356 
16.912632 -41.045128 
16.951727 -41.044033 
16.946560 -40.998123 
17.042589 -40.938183 
17.064173 -40.897751 
17.009737 -40.990124 
17.010836 -40.955688 
16.998606 -40.945629 
16.958899 -41.012955 
16.908852 -40.948277 
16.933455 -40.999058 
16.946714 -40.937832 
16.948446 -40.945061 
16.949451 -40.880192 
17.038225 -40.883678 
17.032736 -40.895832 
17.027864 -40.891167 
17.022398 -40.886890 
17.039274 -40.849541 
17.008791 -40.973839 
17.013800 -40.953995 
16.977667 -40.976402 
16.961885 -40.964035 
16.943340 -40.938553 
16.963207 -40.967583 
16.949608 -40.937187 
16.930204 -40.901611 
16.911236 -40.982807 
17.000866 -40.947243 
17.011358 -40.963230 
16.992825 -40.969460 
16.996372 -40.876953 
17.027798 -40.878551 
17.051218 -40.848148 
17.035099 -40.828144 
17.019371 -40.808659 
17.036697 -40.904800 
17.026293 -40.925026 
17.031889 -40.915920 
16.976274 -40.975216 
16.964149 -41.058853 
16.971130 -41.084843 
16.977715 -41.111359 
16.932577 -41.124268 
16.970089 -40.989471 
16.982971 -41.026600 
16.961901 -41.003460 
16.942049 -41.044857 
17.002794 -40.982147 
16.997347 -40.997856 
16.971045 -40.958141 
16.961525 -40.974930 
16.945002 -40.962894 
16.893574 -40.958420 
16.882862 -40.956612 
16.859230 -40.965797 
16.843683 -40.997833 
16.796171 -41.009506 
16.777998 -40.963470 
16.691740 -40.965515 
16.627098 -40.914444 
16.524487 -40.908703 
16.465639 -40.922871 
16.407944 -40.975773 
16.328262 -41.012718 
16.301214 -41.006035 
16.210991 -41.014912 
16.190567 -40.986626 
16.106453 -40.985821 
16.014055 -41.009487 
15.876316 -41.008076 
15.722834 -41.063808 
15.613981 -41.047047 
15.429331 -41.048485 
15.320264 -41.116478 
15.208492 -41.140804 
15.064936 -41.185062 
14.978437 -41.142696 
14.921411 -41.147377 
14.803392 -41.178013 
14.677773 -41.190189 
14.552697 -41.139244 
14.450152 -41.104721 
14.377139 -41.012627 
14.224519 -41.002647 
14.127960 -40.950596 
14.025411 -40.888306 
13.913564 -40.872517 
13.797979 -40.818890 
13.688027 -40.761993 
13.523664 -40.776115 
13.445518 -40.723145 
13.342463 -40.639870 
13.241302 -40.554337 
13.118145 -40.432636 
13.004633 -40.380348 
12.891855 -40.334156 
12.811274 -40.281574 
12.654391 -40.268402 
12.595714 -40.202263 
12.476808 -40.178993 
12.391881 -40.079914 
12.320177 -39.941257 
12.231470 -39.831970 
12.222981 -39.718456 
12.139673 -39.617355 
12.075090 -39.470135 
11.981029 -39.352474 
11.888122 -39.275848 
11.826735 -39.182507 
11.752409 -39.080643 
11.582330 -39.024990 
11.545133 -38.936214 
11.518698 -38.828205 
11.573459 -38.775974 
11.454444 -38.765175 
11.411753 -38.740242 
11.371869 -38.714397 
11.406884 -38.792088 
11.403718 -38.761730 
11.456766 -38.786823 
11.428390 -38.796467 
11.554604 -38.771244 
11.504484 -38.751976 
11.495927 -38.764992 
11.503743 -38.765423 
11.456502 -38.721649 
11.495822 -38.765030 
11.517026 -38.864780 
11.514393 -38.916943 
11.552315 -38.998005 
11.585529 -39.041706 
11.619400 -39.085884 
11.645493 -39.129475 
11.705477 -39.078720 
11.794363 -39.126442 
11.845636 -39.199173 
11.865728 -39.261620 
11.816524 -39.334534 
11.893269 -39.408272 
11.949815 -39.506054 
12.003901 -39.630917 
11.924459 -39.890736 
11.950835 -40.044250 
11.950274 -40.191448 
11.984827 -40.363117 
11.909613 -40.632324 
11.961857 -40.725330 
11.984984 -40.893707 
12.006248 -41.026226 
12.056144 -41.194588 
12.101785 -41.426476 
12.092351 -41.592289 
12.146807 -41.766468 
12.138101 -42.052319 
12.112920 -42.249302 
12.112850 -42.417683 
12.144925 -42.550686 
12.094890 -42.688942 
12.095878 -42.870712 
12.107605 -43.043919 
12.166978 -43.214249 
12.236819 -43.444107 
12.235196 -43.628403 
12.295703 -43.805523 
12.304911 -43.969803 
12.227249 -44.118107 
12.263546 -44.282051 
12.288683 -44.462761 
12.307863 -44.611546 
12.343889 -44.745201 
12.311710 -44.934143 
12.328538 -45.084671 
12.343225 -45.235321 
12.300772 -45.443459 
12.263389 -45.590816 
12.256421 -45.786922 
12.201141 -45.940029 
12.103705 -46.187279 
12.087598 -46.309170 
12.104091 -46.507679 
12.126069 -46.786720 
12.115623 -46.991337 
12.079317 -47.115345 
12.052440 -47.231339 
12.072348 -47.377949 
12.015378 -47.530354 
11.911387 -47.669983 
11.863043 -47.847862 
11.819586 -47.981346 
11.723163 -48.264462 
11.674673 -48.478535 
11.650144 -48.605045 
11.607397 -48.785534 
11.548357 -48.899498 
11.496724 -49.034714 
11.424624 -49.194836 
11.313269 -49.257401 
11.259067 -49.374954 
11.161654 -49.537579 
11.056129 -49.603844 
10.965559 -49.717575 
10.852348 -49.895985 
10.758881 -49.981262 
10.635098 -50.135380 
10.509806 -50.201305 
10.392096 -50.304077 
10.292494 -50.386299 
10.191435 -50.486248 
10.068181 -50.536976 
9.944657 -50.623936 
9.830107 -50.710896 
9.693441 -50.776455 
9.554851 -50.838318 
9.420854 -50.926006 
9.281815 -51.059799 
9.134840 -51.141220 
9.003469 -51.196575 
8.897305 -51.291355 
8.750377 -51.344765 
8.595351 -51.375698 
8.442543 -51.406132 
8.190307 -51.411858 
8.023346 -51.478634 
7.839430 -51.548763 
7.644867 -51.611485 
7.417939 -51.764942 
7.213267 -51.835403 
7.022293 -51.847000 
6.827797 -51.895321 
6.631911 -51.940254 
6.451636 -51.962128 
6.270124 -51.972561 
6.054511 -52.005009 
5.901617 -52.106091 
5.715561 -52.094627 
5.523625 -52.106956 
5.378315 -52.108894 
5.200324 -52.056118 
5.026747 -52.086102 
4.822798 -52.067276 
4.619672 -52.071381 
4.445727 -51.982376 
4.286481 -51.983814 
4.117740 -51.934788 
3.954931 -51.862911 
3.807538 -51.865093 
3.654786 -51.826790 
3.475604 -51.832211 
3.316622 -51.779343 
3.159344 -51.723740 
2.959504 -51.763889 
2.818940 -51.761883 
2.663809 -51.658825 
2.511570 -51.651188 
2.392219 -51.626984 
2.254492 -51.554932 
2.113384 -51.460979 
1.989377 -51.386990 
1.878317 -51.303452 
1.729127 -51.265129 
1.586199 -51.130974 
1.444626 -50.982460 
1.297883 -50.844723 
1.165143 -50.756565 
1.070105 -50.649216 
0.967915 -50.532131 
0.909199 -50.440228 
0.804933 -50.320667 
0.704092 -50.199135 
0.606798 -50.075397 
0.522866 -50.032669 
0.432921 -49.925026 
0.370800 -49.834900 
0.329516 -49.780884 
0.266964 -49.633312 
0.201671 -49.514320 
0.140506 -49.393253 
0.051976 -49.186298 
-0.001382 -49.052322 
-0.048880 -48.903984 
-0.080413 -48.744942 
-0.155035 -48.562813 
-0.198082 -48.421551 
-0.211172 -48.276051 
-0.248948 -48.145203 
-0.266089 -48.044064 
-0.276693 -47.911091 
-0.283260 -47.779091 
-0.315039 -47.684055 
-0.262491 -47.479416 
-0.275013 -47.364723 
-0.259736 -47.228729 
-0.254348 -47.058723 
-0.227837 -46.929230 
-0.207951 -46.786545 
-0.209652 -46.650318 
-0.211105 -46.502892 
-0.262103 -46.243977 
-0.238559 -46.068493 
-0.212860 -45.893974 
-0.184336 -45.704865 
-0.198517 -45.439114 
-0.214398 -45.229824 
-0.188897 -45.006939 
-0.191765 -44.802013 
-0.272036 -44.527119 
-0.256713 -44.290230 
-0.269009 -44.028275 
-0.235862 -43.789471 
-0.248593 -43.493496 
-0.254828 -43.231579 
-0.237589 -42.979877 
-0.245537 -42.711094 
-0.260226 -42.328125 
-0.256509 -42.015064 
-0.229058 -41.729847 
-0.255438 -41.420738 
-0.280805 -41.023136 
-0.282399 -40.732170 
-0.306776 -40.443668 
-0.297119 -40.112457 
-0.295435 -39.755711 
-0.305642 -39.421188 
-0.310632 -39.133160 
-0.309858 -38.845158 
-0.300459 -38.412582 
-0.315519 -38.053356 
-0.306196 -37.758152 
-0.332672 -37.424843 
-0.263236 -36.908447 
-0.240598 -36.620140 
-0.239639 -36.292309 
-0.243804 -35.961742 
-0.209642 -35.564125 
-0.242066 -35.232079 
-0.229091 -34.912560 
-0.298323 -34.636627 
-0.304517 -34.213631 
-0.298068 -33.953217 
-0.304608 -33.588001 
-0.320740 -33.223122 
-0.174777 -32.746307 
-0.185951 -32.412861 
-0.184031 -32.075848 
-0.202730 -31.753704 
-0.177057 -31.284897 
-0.167898 -30.871426 
-0.177350 -30.517750 
-0.200973 -30.139654 
-0.193875 -29.788454 
-0.121537 -29.338360 
-0.121151 -28.973118 
-0.121570 -28.609184 
-0.082953 -28.270657 
-0.082821 -27.998732 
-0.117299 -27.589472 
-0.116224 -27.153048 
-0.144952 -26.600061 
-0.110857 -26.219521 
-0.048027 -25.802387 
-0.064947 -25.386627 
-0.008945 -24.856483 
-0.048569 -24.422047 
-0.089859 -23.992392 
-0.085113 -23.576958 
-0.074593 -22.922407 
-0.069132 -22.570885 
-0.051026 -22.243059 
-0.087579 -21.825197 
-0.032731 -21.225763 
-0.071182 -20.761391 
-0.068899 -20.294649 
-0.078840 -19.828588 
-0.049586 -19.061445 
-0.055277 -18.613216 
-0.074540 -18.143972 
-0.078071 -17.737978 
-0.010868 -17.325047 
-0.003284 -16.953291 
-0.027565 -16.599619 
-0.028440 -16.208521 
-0.019525 -15.705932 
-0.023220 -15.379361 
-0.046409 -14.951873 
-0.072528 -14.525317 
-0.047651 -13.752563 
-0.020743 -13.279437 
0.019906 -12.820630 
0.090763 -12.338131 
0.102981 -11.923774 
0.214233 -11.349276 
0.182805 -11.009532 
0.196835 -10.647624 
0.217669 -10.251621 
0.124875 -9.922414 
0.110189 -9.540939 
0.128229 -9.180263 
0.101453 -8.860790 
0.069347 -8.393847 
0.059990 -8.137862 
0.050811 -7.882743 
-0.015624 -7.454742 
0.001443 -7.175251 
0.008641 -6.931742 
-0.004439 -6.662534 
0.038032 -5.901338 
0.037544 -5.636101 
0.039210 -5.437788 
-0.016652 -5.232793 
-0.081219 -5.015615 
-0.077203 -4.507938 
-0.101125 -4.266470 
-0.095575 -4.061953 
-0.067207 -3.617658 
-0.066097 -3.451042 
-0.064983 -3.257403 
-0.057509 -3.089321 
0.000061 -2.788078 
-0.008939 -2.685598 
-0.075982 -2.561879 
-0.086529 -2.319132 
-0.095353 -2.228636 
-0.104864 -2.137615 
-0.097374 -2.022496 
-0.036729 -1.811348 
-0.048418 -1.729820 
-0.060521 -1.648890 
-0.079142 -1.569785 
-0.056624 -1.369269 
-0.066656 -1.297775 
-0.068008 -1.243255 
-0.057649 -1.183607 
-0.061164 -1.140473 
-0.064214 -1.096743 
-0.057408 -1.061028 
-0.021238 -1.027052 
-0.016611 -0.993001 
-0.016567 -0.956624 
-0.014591 -0.910413 
0.003084 -0.801829 
0.000132 -0.752789 
0.012137 -0.767850 
0.018194 -0.736921 
0.003761 -0.692632 
-0.017753 -0.696768 

