0.000000 
0.000137 
0.000371 
0.000701 
0.000666 
0.001219 
0.002298 
0.001846 
0.002697 
0.001535 
0.002551 
0.000837 
0.000541 
0.000385 
0.001723 
0.001849 
0.001992 
0.002411 
0.001403 
0.001206 
0.002467 
0.002781 
0.003645 
0.005547 
0.002557 
0.002058 
0.001169 
0.002451 
0.002250 
0.001562 
6.282742 
0.001686 
0.004693 
0.007743 
0.004379 
0.007083 
0.003046 
0.005203 
6.282917 
0.001465 
6.280307 
6.280981 
6.278226 
6.280846 
6.279551 
6.279019 
6.272984 
6.273445 
6.273198 
6.275542 
6.275134 
6.276059 
6.268247 
6.266573 
6.264276 
6.263817 
6.265069 
6.267620 
6.269476 
6.272987 
6.274485 
6.279624 
6.272860 
6.276171 
6.264029 
6.264305 
6.255687 
6.254437 
6.253685 
6.251110 
6.251875 
6.251287 
6.255441 
6.257613 
6.259434 
6.261149 
6.259627 
6.258245 
6.256072 
6.258997 
6.261969 
6.262476 
6.270841 
6.276796 
6.274573 
6.275016 
6.269000 
6.269987 
6.270399 
6.267514 
6.267367 
6.268255 
6.273688 
6.279136 
6.279351 
6.282586 
6.273577 
6.274987 
6.273949 
6.276865 
6.279870 
6.283182 
0.001498 
0.000499 
0.001155 
6.279550 
6.274924 
6.275583 
6.271213 
6.272464 
6.272641 
6.274590 
6.273616 
6.266671 
6.253449 
6.251149 
6.266444 
6.266952 
6.271155 
6.272555 
6.263878 
6.262622 
6.262638 
6.263190 
6.263724 
6.270958 
6.267265 
6.269792 
6.269469 
6.271949 
6.274587 
6.273259 
6.269616 
6.265199 
6.261829 
6.264535 
6.273624 
6.268721 
6.272240 
6.267021 
6.277027 
6.272086 
6.277958 
6.269135 
6.259792 
6.249669 
6.258044 
6.254618 
6.268910 
6.270205 
6.272477 
6.278326 
6.274095 
6.270713 
6.270336 
6.269915 
6.279240 
6.279011 
6.277735 
6.277691 
6.274468 
6.273457 
6.274326 
6.271558 
6.269891 
6.268993 
6.268786 
6.268704 
6.270390 
6.266392 
6.265785 
6.265859 
6.265902 
6.266139 
6.262750 
6.259145 
6.259784 
6.259591 
6.257631 
6.262395 
6.261572 
6.263643 
6.263026 
6.267205 
6.265813 
6.265389 
6.262181 
6.262305 
6.264142 
6.267431 
6.267210 
6.265325 
6.265418 
6.267346 
6.267909 
6.268221 
6.265015 
6.263847 
6.262395 
6.265462 
6.265071 
6.263727 
6.261108 
6.266026 
6.271186 
6.271854 
6.271854 
6.274669 
6.276402 
6.267501 
6.259991 
6.259785 
6.259452 
6.262357 
6.263276 
6.261204 
6.255123 
6.256021 
6.248029 
6.250233 
6.250492 
6.253580 
6.253231 
6.254883 
6.254557 
6.249658 
6.248095 
6.261223 
6.269146 
6.278551 
6.276620 
6.265529 
6.264425 
6.260919 
6.260458 
6.264540 
6.264092 
6.264720 
6.269483 
6.275313 
6.279041 
6.276848 
6.272407 
6.266334 
6.266533 
6.267954 
6.267595 
6.273670 
6.276771 
0.001263 
6.280784 
6.281039 
6.281189 
6.281316 
0.000190 
0.008143 
0.017628 
0.025383 
0.032508 
0.035530 
0.039588 
0.041587 
0.047221 
0.063078 
0.071024 
0.079291 
0.099555 
0.111336 
0.123771 
0.155270 
0.170720 
0.188868 
0.211547 
0.237415 
0.257853 
0.278286 
0.303120 
0.329310 
0.360632 
0.385437 
0.413246 
0.440025 
0.464170 
0.490084 
0.520706 
0.546435 
0.574339 
0.606879 
0.638003 
0.664577 
0.690071 
0.717550 
0.742411 
0.785241 
0.819361 
0.865268 
0.892801 
0.926355 
0.959839 
0.986342 
1.011642 
1.038309 
1.063581 
1.092638 
1.122007 
1.148596 
1.178651 
1.208402 
1.222937 
1.242317 
1.260801 
1.260353 
1.277555 
1.292319 
1.308809 
1.321638 
1.330447 
1.338051 
1.346850 
1.363798 
1.377533 
1.382243 
1.375786 
1.382330 
1.381456 
1.367442 
1.365272 
1.345272 
1.338291 
1.329673 
1.323817 
1.316823 
1.305517 
1.295421 
1.276514 
1.264140 
1.249700 
1.237806 
1.223889 
1.204024 
1.187316 
1.168495 
1.150125 
1.135481 
1.113629 
1.091202 
1.068039 
1.039619 
1.013714 
0.983963 
0.956256 
0.922532 
0.890366 
0.853349 
0.825422 
0.793265 
0.765195 
0.734850 
0.703339 
0.675118 
0.649651 
0.625124 
0.597237 
0.570646 
0.545113 
0.520262 
0.493438 
0.468589 
0.445240 
0.419865 
0.394783 
0.373340 
0.350340 
0.330712 
0.313952 
0.293735 
0.273140 
0.256019 
0.240069 
0.226207 
0.210305 
0.194151 
0.179541 
0.158298 
0.144185 
0.128652 
0.119555 
0.113608 
0.104185 
0.097279 
0.089530 
0.090063 
0.085940 
0.080120 
0.078637 
0.069739 
0.070184 
0.066285 
0.069829 
0.075113 
0.078263 
0.090707 
0.102449 
0.110562 
0.117046 
0.127012 
0.137567 
0.141374 
0.148749 
0.159586 
0.167240 
0.180528 
0.194322 
0.206442 
0.225064 
0.240646 
0.250538 
0.266246 
0.278306 
0.296637 
0.313237 
0.331513 
0.344803 
0.365308 
0.386582 
0.410150 
0.434589 
0.457304 
0.480423 
0.504552 
0.531602 
0.555801 
0.580298 
0.616068 
0.651804 
0.678204 
0.706041 
0.734407 
0.762059 
0.791089 
0.822251 
0.848431 
0.876113 
0.909027 
0.941137 
0.975477 
1.012108 
1.044155 
1.069596 
1.098231 
1.120880 
1.147849 
1.172824 
1.198201 
1.223134 
1.244331 
1.265330 
1.288110 
1.309491 
1.327061 
1.347666 
1.360938 
1.375821 
1.389413 
1.398253 
1.411766 
1.428531 
1.444846 
1.456282 
1.468274 
1.479954 
1.486109 
1.492779 
1.504584 
1.510342 
1.516537 
1.521306 
1.519128 
1.518822 
1.519996 
1.519171 
1.520388 
1.523782 
1.528280 
1.528774 
1.528000 
1.524829 
1.524845 
1.528419 
1.528180 
1.534098 
1.536321 
1.535414 
1.536664 
1.536394 
1.540805 
1.545114 
1.546588 
1.550364 
1.545843 
1.542897 
1.541763 
1.534434 
1.529430 
1.527895 
1.525705 
1.527907 
1.526559 
1.523005 
1.522458 
1.517547 
1.513829 
1.510233 
1.503073 
1.496433 
1.492906 
1.485230 
1.481534 
1.471223 
1.467184 
1.453666 
1.447420 
1.440966 
1.429231 
1.420939 
1.412801 
1.399497 
1.391197 
1.383315 
1.375905 
1.367605 
1.359357 
1.348030 
1.339272 
1.328603 
1.318207 
1.305580 
1.295511 
1.283642 
1.271979 
1.263942 
1.254503 
1.247367 
1.242383 
1.235024 
1.230987 
1.228761 
1.226112 
1.227820 
1.224983 
1.230006 
1.233800 
1.238944 
1.244689 
1.249104 
1.255138 
1.265748 
1.273912 
1.291473 
1.302035 
1.312592 
1.331687 
1.346869 
1.367943 
1.383969 
1.406958 
1.429519 
1.447345 
1.473648 
1.497531 
1.522367 
1.560790 
1.594348 
1.622989 
1.650827 
1.681234 
1.713640 
1.745457 
1.780686 
1.812743 
1.846521 
1.878706 
1.913951 
1.946276 
1.981689 
2.014237 
2.049650 
2.082393 
2.117672 
2.151367 
2.185509 
2.218068 
2.253234 
2.286387 
2.323743 
2.357919 
2.394615 
2.430486 
2.466826 
2.498886 
2.529915 
2.563890 
2.601057 
2.636366 
2.671343 
2.705178 
2.735559 
2.767808 
2.800434 
2.838382 
2.870707 
2.904243 
2.935776 
2.963544 
2.998853 
3.027934 
3.058564 
3.088949 
3.119216 
3.154513 
3.190142 
3.220933 
3.250756 
3.280499 
3.302820 
3.328471 
3.347454 
3.368627 
3.377397 
3.388308 
3.398854 
3.392999 
3.401265 
3.400742 
3.399575 
3.407528 
3.404108 
3.409465 
3.405160 
3.408554 
3.404211 
3.405092 
3.406094 
3.402226 
3.399784 
3.399134 
3.400540 
3.400766 
3.401046 
3.401225 
3.400917 
3.402093 
3.403287 
3.405170 
3.406598 
3.408557 
3.410344 
3.414256 
3.418195 
3.424023 
3.429378 
3.434089 
3.439302 
3.454081 
3.465925 
3.486255 
3.499334 
3.521382 
3.537718 
3.563676 
3.582458 
3.601189 
3.625604 
3.644722 
3.666200 
3.687658 
3.711957 
3.734729 
3.756944 
3.782036 
3.801187 
3.824906 
3.849222 
3.873691 
3.896381 
3.919898 
3.943193 
3.963443 
3.985788 
4.000261 
4.019674 
4.037333 
4.047111 
4.059414 
4.071100 
4.072714 
4.080229 
4.090653 
4.092110 
4.100210 
4.095571 
4.098569 
4.098947 
4.103351 
4.106750 
4.107959 
4.105316 
4.105520 
4.106221 
4.104340 
4.103714 
4.105308 
4.106217 
4.106257 
4.108538 
4.112898 
4.122005 
4.130468 
4.144116 
4.157178 
4.177478 
4.199595 
4.232144 
4.260356 
4.293494 
4.322359 
4.354487 
4.384620 
4.414458 
4.449593 
4.484098 
4.518648 
4.550126 
4.584411 
4.611516 
4.639287 
4.666982 
4.689845 
4.715110 
4.739130 
4.757515 
4.780249 
4.803604 
4.825336 
4.841722 
4.856675 
4.861685 
4.873236 
4.884978 
4.890858 
4.897897 
4.894630 
4.894758 
4.885321 
4.885254 
4.880988 
4.880522 
4.875521 
4.874514 
4.869219 
4.869088 
4.865312 
4.863895 
4.863114 
4.862577 
4.860178 
4.858941 
4.853142 
4.848962 
4.839284 
4.835248 
4.828332 
4.824089 
4.816117 
4.808223 
4.799175 
4.789828 
4.780895 
4.780214 
4.772061 
4.763169 
4.764595 
4.758040 
4.753870 
4.751774 
4.747212 
4.742637 
4.737105 
4.726705 
4.713677 
4.709890 
4.700443 
4.692506 
4.690531 
4.686652 
4.671995 
4.667491 
4.660930 
4.655398 
4.647311 
4.634032 
4.618492 
4.614006 
4.603062 
4.591941 
4.582182 
4.569837 
4.551480 
4.537236 
4.520042 
4.506729 
4.489336 
4.471025 
4.452694 
4.424415 
4.405779 
4.382216 
4.355482 
4.332722 
4.307948 
4.280659 
4.252517 
4.227497 
4.196583 
4.170417 
4.143961 
4.108350 
4.064912 
4.029122 
3.984737 
3.949139 
3.911774 
3.875875 
3.837455 
3.800960 
3.754654 
3.713961 
3.666616 
3.627639 
3.586806 
3.549217 
3.511334 
3.475497 
3.444842 
3.412831 
3.384426 
3.356199 
3.326541 
3.302361 
3.276645 
3.252342 
3.235182 
3.217626 
3.208383 
3.191539 
3.183567 
3.171808 
3.174103 
3.167080 
3.178167 
3.175489 
3.179351 
3.197642 
3.205107 
3.217890 
3.246661 
3.266920 
3.278027 
3.290180 
3.296170 
3.310857 
3.333170 
3.361418 
3.384615 
3.424200 
3.449283 
3.477279 
3.502636 
3.540288 
3.569323 
3.601286 
3.646290 
3.679853 
3.716569 
3.751804 
3.787491 
3.820521 
3.854927 
3.889919 
3.922101 
3.951835 
3.981363 
4.010892 
4.038487 
4.062926 
4.086872 
4.110835 
4.129977 
4.153483 
4.176424 
4.198837 
4.214324 
4.231626 
4.245770 
4.253395 
4.265832 
4.281515 
4.305573 
4.317414 
4.332466 
4.341544 
4.350051 
4.353811 
4.353582 
4.346751 
4.346961 
4.345907 
4.337249 
4.328017 
4.313936 
4.304972 
4.285961 
4.272642 
4.254701 
4.238827 
4.227162 
4.212061 
4.196680 
4.184778 
4.167537 
4.146389 
4.104861 
4.079697 
4.040576 
4.018828 
3.992804 
3.961250 
3.927718 
3.897244 
3.853806 
3.823967 
3.795090 
3.765695 
3.734907 
3.706541 
3.676938 
3.659480 
3.625280 
3.594220 
3.570723 
3.543766 
3.528048 
3.504490 
3.480497 
3.467267 
3.448399 
3.429368 
3.411003 
3.387395 
3.365098 
3.353677 
3.340346 
3.323649 
3.319563 
3.303789 
3.288743 
3.269696 
3.262912 
3.255730 
3.257951 
3.248569 
3.239996 
3.227303 
3.217402 
3.209843 
3.200405 
3.199164 
3.190080 
3.188259 
3.182599 
3.177887 
3.164876 
3.160020 
3.162092 
3.154767 
3.152317 
3.154119 
3.152600 
3.150226 
3.152077 
3.152108 
3.154632 
3.158597 
3.150293 
3.150289 
3.151815 
3.146401 
3.148124 
3.151623 
3.147001 
3.148290 
3.150325 
3.145275 
3.144043 
3.143567 
3.132809 
3.133403 
3.133926 
3.136417 
3.137627 
3.138150 
3.133197 
3.133718 
3.137830 
3.137029 
3.136066 
3.131751 
3.135866 
3.136764 
3.140371 
3.143954 
3.138626 
3.143004 
3.144299 
3.139822 
3.142830 
3.145786 
3.143799 
3.144396 
3.147538 
3.136369 
3.135282 
3.138341 
3.143849 
3.147217 
3.152697 
3.154262 
3.150550 
3.156434 
3.144268 
3.143392 
3.141527 
3.139992 
3.136989 
3.135353 
3.133495 
3.133142 
3.131162 
3.127753 
3.130832 
3.128249 
3.126619 
3.127213 
3.132066 
3.131259 
3.130418 
3.131757 
3.128934 
3.128792 
3.131516 
3.133294 
3.136657 
3.135591 
3.133932 
3.134475 
3.136194 
3.137071 
3.137819 
3.141114 
3.136850 
3.134237 
3.135543 
3.128591 
3.125873 
3.128659 
3.129338 
3.134159 
3.136439 
3.138235 
3.140063 
3.141675 
3.143804 
... logging to /home/dyros/.ros/log/43ad972a-5ba1-11e5-bf7c-c3ad5d004711/roslaunch-dyros-ThinkPad-T530-4377.log
Checking log directory for disk usage. This may take awhile.
Press Ctrl-C to interrupt
Done checking log file disk usage. Usage is <1GB.
]2;loam_velodyne.launch
[1mstarted roslaunch server http://dyros-ThinkPad-T530:39231/[0m

SUMMARY
========

PARAMETERS
 * /rosdistro
 * /rosversion

NODES
  /
    laserMapping (loam_velodyne/laserMapping)
    laserOdometry (loam_velodyne/laserOdometry)
    rviz (rviz/rviz)
    scanRegistration (loam_velodyne/scanRegistration)
    transformMaintenance (loam_velodyne/transformMaintenance)

auto-starting new master
[1mprocess[master]: started with pid [4391][0m
[1mROS_MASTER_URI=http://127.0.0.1:11311[0m
]2;loam_velodyne.launch http://127.0.0.1:11311
[1msetting /run_id to 43ad972a-5ba1-11e5-bf7c-c3ad5d004711[0m
[1mprocess[rosout-1]: started with pid [4404][0m
started core service [/rosout]
[1mprocess[scanRegistration-2]: started with pid [4416][0m
[1mprocess[laserOdometry-3]: started with pid [4433][0m
[1mprocess[laserMapping-4]: started with pid [4454][0m
[1mprocess[transformMaintenance-5]: started with pid [4472][0m
[1mprocess[rviz-6]: started with pid [4488][0m
[rviz-6] killing on exit
[transformMaintenance-5] killing on exit
[laserMapping-4] killing on exit
[laserOdometry-3] killing on exit
[scanRegistration-2] killing on exit
[rosout-1] killing on exit
[master] killing on exit
shutting down processing monitor...
... shutting down processing monitor complete
[1mdone[0m
... logging to /home/dyros/.ros/log/d4d7a0be-5ba2-11e5-b737-60672045e65c/roslaunch-dyros-ThinkPad-T530-5166.log
Checking log directory for disk usage. This may take awhile.
Press Ctrl-C to interrupt
Done checking log file disk usage. Usage is <1GB.
]2;loam_velodyne.launch
[1mstarted roslaunch server http://dyros-ThinkPad-T530:36588/[0m

SUMMARY
========

PARAMETERS
 * /rosdistro
 * /rosversion

NODES
  /
    laserMapping (loam_velodyne/laserMapping)
    laserOdometry (loam_velodyne/laserOdometry)
    rviz (rviz/rviz)
    scanRegistration (loam_velodyne/scanRegistration)
    transformMaintenance (loam_velodyne/transformMaintenance)

auto-starting new master
[1mprocess[master]: started with pid [5180][0m
[1mROS_MASTER_URI=http://127.0.0.1:11311[0m
]2;loam_velodyne.launch http://127.0.0.1:11311
[1msetting /run_id to d4d7a0be-5ba2-11e5-b737-60672045e65c[0m
[1mprocess[rosout-1]: started with pid [5193][0m
started core service [/rosout]
[1mprocess[scanRegistration-2]: started with pid [5205][0m
[1mprocess[laserOdometry-3]: started with pid [5222][0m
[1mprocess[laserMapping-4]: started with pid [5243][0m
[1mprocess[transformMaintenance-5]: started with pid [5261][0m
[1mprocess[rviz-6]: started with pid [5277][0m
[rviz-6] killing on exit
[transformMaintenance-5] killing on exit
[laserMapping-4] killing on exit
[laserOdometry-3] killing on exit
[scanRegistration-2] killing on exit
[rosout-1] killing on exit
[master] killing on exit
shutting down processing monitor...
... shutting down processing monitor complete
[1mdone[0m
